1     1     5.000000e-01     1     1     5.000000e-01     6.909514e-01
1.000000e+00     1     5.000000e-01     1     1     5.000000e-01     6.909514e-01
1     1.000000e+00     5.000000e-01     1     1     5.000000e-01     6.909514e-01
1     1     5.000000e-01     1     1     5.000000e-01     6.909514e-01
1     1     5.000000e-01     1.000000e+00     1     5.000000e-01     6.909514e-01
1     1     5.000000e-01     1     1.000000e+00     5.000000e-01     6.909514e-01
1     1     5.000000e-01     1     1     5.000000e-01     6.909514e-01
1.462203e+00     1.094814e+00     1.739136e+00     1.191620e+00     1.094814e+00     9.819683e-01     1.581082e-01
1.462203e+00     1.094814e+00     1.739136e+00     1.191620e+00     1.094814e+00     9.819683e-01     1.581082e-01
1.462203e+00     1.094814e+00     1.739136e+00     1.191620e+00     1.094814e+00     9.819683e-01     1.581082e-01
1.462203e+00     1.094814e+00     1.739136e+00     1.191620e+00     1.094814e+00     9.819683e-01     1.581082e-01
1.462203e+00     1.094814e+00     1.739136e+00     1.191620e+00     1.094814e+00     9.819683e-01     1.581082e-01
1.462203e+00     1.094814e+00     1.739136e+00     1.191620e+00     1.094814e+00     9.819683e-01     1.581082e-01
1.462203e+00     1.094814e+00     1.739136e+00     1.191620e+00     1.094814e+00     9.819683e-01     1.581082e-01
1.431779e+00     1.194578e+00     1.681387e+00     1.194106e+00     1.182267e+00     9.483526e-01     1.412269e-01
1.431779e+00     1.194578e+00     1.681387e+00     1.194106e+00     1.182267e+00     9.483526e-01     1.412269e-01
1.431779e+00     1.194578e+00     1.681387e+00     1.194106e+00     1.182267e+00     9.483526e-01     1.412269e-01
1.431779e+00     1.194578e+00     1.681387e+00     1.194106e+00     1.182267e+00     9.483526e-01     1.412269e-01
1.431779e+00     1.194578e+00     1.681387e+00     1.194106e+00     1.182267e+00     9.483526e-01     1.412269e-01
1.431779e+00     1.194578e+00     1.681387e+00     1.194106e+00     1.182267e+00     9.483526e-01     1.412269e-01
1.431779e+00     1.194578e+00     1.681387e+00     1.194106e+00     1.182267e+00     9.483527e-01     1.412269e-01
1.308696e+00     1.562313e+00     1.424964e+00     1.204278e+00     1.509351e+00     7.942886e-01     5.443667e-02
1.308696e+00     1.562313e+00     1.424964e+00     1.204278e+00     1.509351e+00     7.942886e-01     5.443667e-02
1.308696e+00     1.562313e+00     1.424964e+00     1.204278e+00     1.509351e+00     7.942886e-01     5.443667e-02
1.308696e+00     1.562313e+00     1.424964e+00     1.204278e+00     1.509351e+00     7.942886e-01     5.443668e-02
1.308696e+00     1.562313e+00     1.424964e+00     1.204278e+00     1.509351e+00     7.942886e-01     5.443667e-02
1.308696e+00     1.562313e+00     1.424964e+00     1.204278e+00     1.509351e+00     7.942886e-01     5.443667e-02
1.308696e+00     1.562313e+00     1.424964e+00     1.204278e+00     1.509351e+00     7.942886e-01     5.443668e-02
9.358500e-01     2.622867e+00     5.696654e-01     1.227558e+00     2.460905e+00     2.780996e-01     7.651392e-01
1.122273e+00     2.092590e+00     9.973145e-01     1.215918e+00     1.985128e+00     5.361941e-01     1.818127e-01
1.215485e+00     1.827452e+00     1.211139e+00     1.210098e+00     1.747240e+00     6.652414e-01     5.073054e-02
1.215485e+00     1.827452e+00     1.211139e+00     1.210098e+00     1.747240e+00     6.652414e-01     5.073054e-02
1.215485e+00     1.827452e+00     1.211139e+00     1.210098e+00     1.747240e+00     6.652414e-01     5.073054e-02
1.215485e+00     1.827452e+00     1.211139e+00     1.210098e+00     1.747240e+00     6.652414e-01     5.073055e-02
1.215485e+00     1.827452e+00     1.211139e+00     1.210098e+00     1.747240e+00     6.652414e-01     5.073054e-02
1.215485e+00     1.827452e+00     1.211139e+00     1.210098e+00     1.747240e+00     6.652414e-01     5.073054e-02
1.215485e+00     1.827452e+00     1.211139e+00     1.210098e+00     1.747240e+00     6.652414e-01     5.073054e-02
1.126357e+00     2.153764e+00     9.093439e-01     1.291192e+00     2.041708e+00     7.765631e-01     1.432811e-01
1.170921e+00     1.990608e+00     1.060242e+00     1.250645e+00     1.894474e+00     7.209022e-01     8.255580e-02
1.193203e+00     1.909030e+00     1.135690e+00     1.230372e+00     1.820857e+00     6.930718e-01     6.048052e-02
1.204344e+00     1.868241e+00     1.173415e+00     1.220235e+00     1.784048e+00     6.791566e-01     5.113428e-02
1.204344e+00     1.868241e+00     1.173415e+00     1.220235e+00     1.784048e+00     6.791566e-01     5.113427e-02
1.204344e+00     1.868241e+00     1.173415e+00     1.220235e+00     1.784048e+00     6.791566e-01     5.113428e-02
1.204344e+00     1.868241e+00     1.173415e+00     1.220235e+00     1.784048e+00     6.791566e-01     5.113427e-02
1.204344e+00     1.868241e+00     1.173415e+00     1.220235e+00     1.784048e+00     6.791566e-01     5.113427e-02
1.204344e+00     1.868241e+00     1.173415e+00     1.220235e+00     1.784048e+00     6.791566e-01     5.113428e-02
1.204344e+00     1.868241e+00     1.173415e+00     1.220235e+00     1.784048e+00     6.791566e-01     5.113427e-02
1.270467e+00     1.998938e+00     1.175613e+00     1.314394e+00     1.911791e+00     8.863171e-01     5.782167e-03
1.270467e+00     1.998938e+00     1.175613e+00     1.314394e+00     1.911791e+00     8.863171e-01     5.782166e-03
1.270467e+00     1.998938e+00     1.175613e+00     1.314394e+00     1.911791e+00     8.863171e-01     5.782167e-03
1.270467e+00     1.998938e+00     1.175613e+00     1.314394e+00     1.911791e+00     8.863171e-01     5.782165e-03
1.270467e+00     1.998938e+00     1.175613e+00     1.314394e+00     1.911791e+00     8.863171e-01     5.782168e-03
1.270467e+00     1.998938e+00     1.175613e+00     1.314394e+00     1.911791e+00     8.863171e-01     5.782167e-03
1.270467e+00     1.998938e+00     1.175613e+00     1.314394e+00     1.911791e+00     8.863171e-01     5.782169e-03
1.310130e+00     2.126504e+00     1.179412e+00     1.351570e+00     2.040544e+00     8.810671e-01     8.109560e-03
1.310130e+00     2.126504e+00     1.179412e+00     1.351570e+00     2.040544e+00     8.810671e-01     8.109562e-03
1.310130e+00     2.126504e+00     1.179412e+00     1.351570e+00     2.040544e+00     8.810671e-01     8.109560e-03
1.310130e+00     2.126504e+00     1.179412e+00     1.351570e+00     2.040544e+00     8.810671e-01     8.109566e-03
1.310130e+00     2.126504e+00     1.179412e+00     1.351570e+00     2.040544e+00     8.810671e-01     8.109561e-03
1.310130e+00     2.126504e+00     1.179412e+00     1.351570e+00     2.040544e+00     8.810671e-01     8.109560e-03
1.310130e+00     2.126504e+00     1.179412e+00     1.351570e+00     2.040544e+00     8.810671e-01     8.109563e-03
1.573752e+00     3.040935e+00     1.140756e+00     1.598154e+00     2.953079e+00     8.351767e-01     8.219352e-04
1.573752e+00     3.040935e+00     1.140756e+00     1.598154e+00     2.953079e+00     8.351767e-01     8.219366e-04
1.573752e+00     3.040935e+00     1.140756e+00     1.598154e+00     2.953079e+00     8.351767e-01     8.219348e-04
1.573752e+00     3.040935e+00     1.140756e+00     1.598154e+00     2.953079e+00     8.351767e-01     8.219406e-04
1.573752e+00     3.040935e+00     1.140756e+00     1.598154e+00     2.953079e+00     8.351767e-01     8.219358e-04
1.573752e+00     3.040935e+00     1.140756e+00     1.598154e+00     2.953079e+00     8.351767e-01     8.219350e-04
1.573752e+00     3.040935e+00     1.140756e+00     1.598154e+00     2.953079e+00     8.351767e-01     8.219380e-04
2.170035e+00     4.965532e+00     1.045520e+00     2.116390e+00     4.873370e+00     7.265041e-01     4.580576e-02
2.170035e+00     4.965532e+00     1.045520e+00     2.116390e+00     4.873370e+00     7.265041e-01     4.580576e-02
2.170035e+00     4.965532e+00     1.045520e+00     2.116390e+00     4.873370e+00     7.265041e-01     4.580576e-02
2.170035e+00     4.965532e+00     1.045520e+00     2.116390e+00     4.873370e+00     7.265041e-01     4.580576e-02
2.170035e+00     4.965532e+00     1.045520e+00     2.116390e+00     4.873370e+00     7.265041e-01     4.580576e-02
2.170035e+00     4.965532e+00     1.045520e+00     2.116390e+00     4.873370e+00     7.265041e-01     4.580576e-02
2.170035e+00     4.965532e+00     1.045520e+00     2.116390e+00     4.873370e+00     7.265041e-01     4.580576e-02
2.194237e+00     5.231100e+00     1.053320e+00     2.165559e+00     5.136984e+00     8.046973e-01     2.789164e-02
2.194237e+00     5.231100e+00     1.053320e+00     2.165559e+00     5.136984e+00     8.046973e-01     2.789164e-02
2.194237e+00     5.231100e+00     1.053320e+00     2.165559e+00     5.136984e+00     8.046973e-01     2.789164e-02
2.194237e+00     5.231100e+00     1.053320e+00     2.165559e+00     5.136984e+00     8.046973e-01     2.789163e-02
2.194237e+00     5.231100e+00     1.053320e+00     2.165559e+00     5.136984e+00     8.046973e-01     2.789164e-02
2.194237e+00     5.231100e+00     1.053320e+00     2.165559e+00     5.136984e+00     8.046973e-01     2.789164e-02
2.194237e+00     5.231100e+00     1.053320e+00     2.165559e+00     5.136984e+00     8.046973e-01     2.789164e-02
2.154538e+00     5.965033e+00     1.114548e+00     2.272391e+00     5.859921e+00     1.076671e+00     3.802843e-02
2.154538e+00     5.965033e+00     1.114548e+00     2.272391e+00     5.859921e+00     1.076671e+00     3.802843e-02
2.154538e+00     5.965033e+00     1.114548e+00     2.272391e+00     5.859921e+00     1.076671e+00     3.802843e-02
2.154538e+00     5.965033e+00     1.114548e+00     2.272391e+00     5.859921e+00     1.076671e+00     3.802842e-02
2.154538e+00     5.965033e+00     1.114548e+00     2.272391e+00     5.859921e+00     1.076671e+00     3.802843e-02
2.154538e+00     5.965033e+00     1.114548e+00     2.272391e+00     5.859921e+00     1.076671e+00     3.802843e-02
2.154538e+00     5.965033e+00     1.114548e+00     2.272391e+00     5.859921e+00     1.076671e+00     3.802843e-02
2.207058e+00     6.494116e+00     1.130726e+00     2.376751e+00     6.384642e+00     1.101231e+00     3.907270e-02
2.207058e+00     6.494116e+00     1.130726e+00     2.376751e+00     6.384642e+00     1.101231e+00     3.907270e-02
2.207058e+00     6.494116e+00     1.130726e+00     2.376751e+00     6.384642e+00     1.101231e+00     3.907270e-02
2.207058e+00     6.494116e+00     1.130726e+00     2.376751e+00     6.384642e+00     1.101231e+00     3.907270e-02
2.207058e+00     6.494116e+00     1.130726e+00     2.376751e+00     6.384642e+00     1.101231e+00     3.907270e-02
2.207058e+00     6.494116e+00     1.130726e+00     2.376751e+00     6.384642e+00     1.101231e+00     3.907270e-02
2.207058e+00     6.494116e+00     1.130726e+00     2.376751e+00     6.384642e+00     1.101231e+00     3.907270e-02
2.194001e+00     7.394366e+00     1.196303e+00     2.506349e+00     7.273674e+00     1.152030e+00     5.162605e-02
2.194001e+00     7.394366e+00     1.196303e+00     2.506349e+00     7.273674e+00     1.152030e+00     5.162605e-02
2.194001e+00     7.394366e+00     1.196303e+00     2.506349e+00     7.273674e+00     1.152030e+00     5.162605e-02
2.194001e+00     7.394366e+00     1.196303e+00     2.506349e+00     7.273674e+00     1.152030e+00     5.162605e-02
2.194001e+00     7.394366e+00     1.196303e+00     2.506349e+00     7.273674e+00     1.152030e+00     5.162605e-02
2.194001e+00     7.394366e+00     1.196303e+00     2.506349e+00     7.273674e+00     1.152030e+00     5.162605e-02
2.194001e+00     7.394366e+00     1.196303e+00     2.506349e+00     7.273674e+00     1.152030e+00     5.162605e-02
2.275038e+00     7.599305e+00     1.178238e+00     2.538181e+00     7.480738e+00     1.136625e+00     4.536143e-02
2.275038e+00     7.599305e+00     1.178238e+00     2.538181e+00     7.480738e+00     1.136625e+00     4.536143e-02
2.275038e+00     7.599305e+00     1.178238e+00     2.538181e+00     7.480738e+00     1.136625e+00     4.536143e-02
2.275038e+00     7.599305e+00     1.178238e+00     2.538181e+00     7.480738e+00     1.136625e+00     4.536143e-02
2.275038e+00     7.599305e+00     1.178238e+00     2.538181e+00     7.480738e+00     1.136625e+00     4.536143e-02
2.275038e+00     7.599305e+00     1.178238e+00     2.538181e+00     7.480739e+00     1.136625e+00     4.536143e-02
2.275038e+00     7.599305e+00     1.178238e+00     2.538181e+00     7.480738e+00     1.136625e+00     4.536143e-02
2.490918e+00     7.722566e+00     1.099156e+00     2.521080e+00     7.617469e+00     1.045681e+00     3.564241e-02
2.382978e+00     7.660935e+00     1.138697e+00     2.529631e+00     7.549104e+00     1.091153e+00     3.674595e-02
2.382978e+00     7.660935e+00     1.138697e+00     2.529631e+00     7.549104e+00     1.091153e+00     3.674595e-02
2.382978e+00     7.660935e+00     1.138697e+00     2.529631e+00     7.549104e+00     1.091153e+00     3.674595e-02
2.382978e+00     7.660935e+00     1.138697e+00     2.529631e+00     7.549104e+00     1.091153e+00     3.674595e-02
2.382978e+00     7.660935e+00     1.138697e+00     2.529631e+00     7.549104e+00     1.091153e+00     3.674595e-02
2.382978e+00     7.660935e+00     1.138697e+00     2.529631e+00     7.549104e+00     1.091153e+00     3.674595e-02
2.382978e+00     7.660935e+00     1.138697e+00     2.529631e+00     7.549104e+00     1.091153e+00     3.674595e-02
2.366850e+00     7.843646e+00     1.154906e+00     2.518294e+00     7.730972e+00     1.082801e+00     3.399837e-02
2.366850e+00     7.843646e+00     1.154906e+00     2.518294e+00     7.730972e+00     1.082801e+00     3.399837e-02
2.366850e+00     7.843646e+00     1.154906e+00     2.518294e+00     7.730972e+00     1.082801e+00     3.399837e-02
2.366850e+00     7.843646e+00     1.154906e+00     2.518294e+00     7.730972e+00     1.082801e+00     3.399837e-02
2.366850e+00     7.843646e+00     1.154906e+00     2.518294e+00     7.730972e+00     1.082801e+00     3.399838e-02
2.366850e+00     7.843646e+00     1.154906e+00     2.518294e+00     7.730972e+00     1.082801e+00     3.399837e-02
2.366850e+00     7.843646e+00     1.154906e+00     2.518294e+00     7.730972e+00     1.082801e+00     3.399838e-02
2.266934e+00     8.415056e+00     1.221984e+00     2.426271e+00     8.299767e+00     1.030804e+00     4.132304e-02
2.266934e+00     8.415056e+00     1.221984e+00     2.426271e+00     8.299767e+00     1.030804e+00     4.132304e-02
2.266934e+00     8.415056e+00     1.221984e+00     2.426271e+00     8.299767e+00     1.030804e+00     4.132304e-02
2.266934e+00     8.415056e+00     1.221984e+00     2.426271e+00     8.299767e+00     1.030804e+00     4.132304e-02
2.266934e+00     8.415056e+00     1.221984e+00     2.426271e+00     8.299767e+00     1.030804e+00     4.132304e-02
2.266934e+00     8.415056e+00     1.221984e+00     2.426271e+00     8.299767e+00     1.030804e+00     4.132304e-02
2.266934e+00     8.415056e+00     1.221984e+00     2.426271e+00     8.299767e+00     1.030804e+00     4.132304e-02
2.274886e+00     8.534281e+00     1.220450e+00     2.335993e+00     8.425013e+00     9.518665e-01     2.936034e-02
2.274886e+00     8.534281e+00     1.220450e+00     2.335993e+00     8.425013e+00     9.518665e-01     2.936034e-02
2.274886e+00     8.534282e+00     1.220450e+00     2.335993e+00     8.425013e+00     9.518665e-01     2.936034e-02
2.274886e+00     8.534281e+00     1.220450e+00     2.335993e+00     8.425013e+00     9.518665e-01     2.936035e-02
2.274886e+00     8.534281e+00     1.220450e+00     2.335993e+00     8.425013e+00     9.518665e-01     2.936034e-02
2.274886e+00     8.534281e+00     1.220450e+00     2.335993e+00     8.425013e+00     9.518665e-01     2.936034e-02
2.274886e+00     8.534281e+00     1.220450e+00     2.335993e+00     8.425013e+00     9.518666e-01     2.936034e-02
2.302155e+00     8.872744e+00     1.214025e+00     2.083410e+00     8.781418e+00     6.986489e-01     4.239078e-02
2.288521e+00     8.703513e+00     1.217237e+00     2.209701e+00     8.603215e+00     8.252577e-01     1.228469e-02
2.288521e+00     8.703513e+00     1.217237e+00     2.209701e+00     8.603215e+00     8.252577e-01     1.228469e-02
2.288521e+00     8.703513e+00     1.217237e+00     2.209701e+00     8.603215e+00     8.252577e-01     1.228469e-02
2.288521e+00     8.703513e+00     1.217237e+00     2.209701e+00     8.603215e+00     8.252577e-01     1.228470e-02
2.288521e+00     8.703513e+00     1.217237e+00     2.209701e+00     8.603215e+00     8.252577e-01     1.228469e-02
2.288521e+00     8.703513e+00     1.217237e+00     2.209701e+00     8.603215e+00     8.252577e-01     1.228469e-02
2.288521e+00     8.703513e+00     1.217237e+00     2.209701e+00     8.603215e+00     8.252577e-01     1.228469e-02
2.343675e+00     8.779938e+00     1.205442e+00     2.322035e+00     8.676475e+00     9.262005e-01     2.113092e-02
2.316098e+00     8.741726e+00     1.211340e+00     2.265868e+00     8.639845e+00     8.757291e-01     1.396309e-02
2.316098e+00     8.741726e+00     1.211340e+00     2.265868e+00     8.639845e+00     8.757291e-01     1.396309e-02
2.316098e+00     8.741726e+00     1.211340e+00     2.265868e+00     8.639845e+00     8.757291e-01     1.396309e-02
2.316098e+00     8.741726e+00     1.211340e+00     2.265868e+00     8.639845e+00     8.757291e-01     1.396310e-02
2.316098e+00     8.741726e+00     1.211340e+00     2.265868e+00     8.639845e+00     8.757291e-01     1.396309e-02
2.316098e+00     8.741726e+00     1.211340e+00     2.265868e+00     8.639845e+00     8.757291e-01     1.396309e-02
2.316098e+00     8.741726e+00     1.211340e+00     2.265868e+00     8.639845e+00     8.757291e-01     1.396309e-02
2.368647e+00     8.868757e+00     1.196649e+00     2.267104e+00     8.771103e+00     8.722558e-01     9.363129e-03
2.368647e+00     8.868757e+00     1.196649e+00     2.267104e+00     8.771103e+00     8.722558e-01     9.363130e-03
2.368647e+00     8.868757e+00     1.196649e+00     2.267104e+00     8.771103e+00     8.722558e-01     9.363129e-03
2.368647e+00     8.868757e+00     1.196649e+00     2.267104e+00     8.771103e+00     8.722558e-01     9.363134e-03
2.368647e+00     8.868757e+00     1.196649e+00     2.267104e+00     8.771103e+00     8.722558e-01     9.363129e-03
2.368647e+00     8.868757e+00     1.196649e+00     2.267104e+00     8.771103e+00     8.722558e-01     9.363129e-03
2.368647e+00     8.868757e+00     1.196649e+00     2.267104e+00     8.771103e+00     8.722558e-01     9.363132e-03
2.522315e+00     8.960494e+00     1.131323e+00     2.208319e+00     8.882318e+00     8.574512e-01     1.191244e-02
2.445481e+00     8.914625e+00     1.163986e+00     2.237712e+00     8.826711e+00     8.648535e-01     9.833669e-04
2.445481e+00     8.914625e+00     1.163986e+00     2.237712e+00     8.826711e+00     8.648535e-01     9.833663e-04
2.445481e+00     8.914626e+00     1.163986e+00     2.237712e+00     8.826711e+00     8.648535e-01     9.833673e-04
2.445481e+00     8.914625e+00     1.163986e+00     2.237712e+00     8.826711e+00     8.648535e-01     9.833615e-04
2.445481e+00     8.914625e+00     1.163986e+00     2.237712e+00     8.826711e+00     8.648535e-01     9.833666e-04
2.445481e+00     8.914625e+00     1.163986e+00     2.237712e+00     8.826711e+00     8.648535e-01     9.833670e-04
2.445481e+00     8.914625e+00     1.163986e+00     2.237712e+00     8.826711e+00     8.648535e-01     9.833642e-04
2.389360e+00     8.983277e+00     1.188853e+00     2.215007e+00     8.892470e+00     8.702302e-01     6.131522e-03
2.417420e+00     8.948951e+00     1.176420e+00     2.226359e+00     8.859590e+00     8.675419e-01     2.609827e-03
2.417420e+00     8.948951e+00     1.176420e+00     2.226359e+00     8.859590e+00     8.675419e-01     2.609827e-03
2.417420e+00     8.948951e+00     1.176420e+00     2.226359e+00     8.859590e+00     8.675419e-01     2.609826e-03
2.417420e+00     8.948951e+00     1.176420e+00     2.226359e+00     8.859590e+00     8.675419e-01     2.609832e-03
2.417420e+00     8.948951e+00     1.176420e+00     2.226359e+00     8.859590e+00     8.675419e-01     2.609827e-03
2.417420e+00     8.948951e+00     1.176420e+00     2.226359e+00     8.859590e+00     8.675419e-01     2.609827e-03
2.417420e+00     8.948951e+00     1.176420e+00     2.226359e+00     8.859590e+00     8.675419e-01     2.609829e-03
2.415992e+00     9.012281e+00     1.175549e+00     2.182261e+00     8.927349e+00     8.676242e-01     1.722024e-03
2.415992e+00     9.012281e+00     1.175549e+00     2.182261e+00     8.927349e+00     8.676242e-01     1.722025e-03
2.415992e+00     9.012281e+00     1.175549e+00     2.182261e+00     8.927349e+00     8.676242e-01     1.722024e-03
2.415992e+00     9.012281e+00     1.175549e+00     2.182261e+00     8.927349e+00     8.676242e-01     1.722029e-03
2.415992e+00     9.012281e+00     1.175549e+00     2.182262e+00     8.927349e+00     8.676242e-01     1.722024e-03
2.415992e+00     9.012281e+00     1.175549e+00     2.182261e+00     8.927350e+00     8.676242e-01     1.722024e-03
2.415992e+00     9.012281e+00     1.175549e+00     2.182261e+00     8.927349e+00     8.676242e-01     1.722027e-03
2.417494e+00     9.230070e+00     1.169395e+00     2.038713e+00     9.161303e+00     8.696071e-01     1.834705e-03
2.417494e+00     9.230070e+00     1.169395e+00     2.038713e+00     9.161303e+00     8.696071e-01     1.834705e-03
2.417494e+00     9.230070e+00     1.169395e+00     2.038713e+00     9.161303e+00     8.696071e-01     1.834706e-03
2.417494e+00     9.230070e+00     1.169395e+00     2.038713e+00     9.161303e+00     8.696071e-01     1.834700e-03
2.417494e+00     9.230070e+00     1.169395e+00     2.038713e+00     9.161303e+00     8.696071e-01     1.834705e-03
2.417494e+00     9.230070e+00     1.169395e+00     2.038713e+00     9.161304e+00     8.696071e-01     1.834705e-03
2.417494e+00     9.230070e+00     1.169395e+00     2.038713e+00     9.161303e+00     8.696071e-01     1.834703e-03
2.417522e+00     9.322962e+00     1.173910e+00     2.045307e+00     9.254480e+00     8.726145e-01     9.176326e-04
2.417522e+00     9.322962e+00     1.173910e+00     2.045307e+00     9.254480e+00     8.726145e-01     9.176328e-04
2.417522e+00     9.322962e+00     1.173910e+00     2.045307e+00     9.254480e+00     8.726145e-01     9.176324e-04
2.417522e+00     9.322962e+00     1.173910e+00     2.045307e+00     9.254480e+00     8.726145e-01     9.176345e-04
2.417522e+00     9.322962e+00     1.173910e+00     2.045307e+00     9.254480e+00     8.726145e-01     9.176323e-04
2.417522e+00     9.322962e+00     1.173910e+00     2.045307e+00     9.254480e+00     8.726145e-01     9.176327e-04
2.417522e+00     9.322962e+00     1.173910e+00     2.045307e+00     9.254480e+00     8.726145e-01     9.176299e-04
2.419562e+00     9.739995e+00     1.179498e+00     2.080724e+00     9.684988e+00     9.698101e-01     1.544382e-02
2.418542e+00     9.531479e+00     1.176704e+00     2.063015e+00     9.469734e+00     9.212123e-01     7.977082e-03
2.418032e+00     9.427220e+00     1.175307e+00     2.054161e+00     9.362107e+00     8.969134e-01     3.959627e-03
2.417777e+00     9.375091e+00     1.174608e+00     2.049734e+00     9.308294e+00     8.847640e-01     1.872945e-03
2.417777e+00     9.375091e+00     1.174608e+00     2.049734e+00     9.308294e+00     8.847640e-01     1.872945e-03
2.417777e+00     9.375091e+00     1.174608e+00     2.049734e+00     9.308294e+00     8.847640e-01     1.872944e-03
2.417777e+00     9.375091e+00     1.174608e+00     2.049734e+00     9.308294e+00     8.847640e-01     1.872950e-03
2.417777e+00     9.375091e+00     1.174608e+00     2.049734e+00     9.308294e+00     8.847640e-01     1.872945e-03
2.417777e+00     9.375091e+00     1.174608e+00     2.049734e+00     9.308294e+00     8.847640e-01     1.872945e-03
2.417777e+00     9.375091e+00     1.174608e+00     2.049734e+00     9.308294e+00     8.847640e-01     1.872947e-03
2.402650e+00     9.477008e+00     1.175383e+00     1.972160e+00     9.419098e+00     8.870934e-01     1.279600e-03
2.402650e+00     9.477008e+00     1.175383e+00     1.972160e+00     9.419098e+00     8.870934e-01     1.279601e-03
2.402650e+00     9.477008e+00     1.175383e+00     1.972160e+00     9.419098e+00     8.870934e-01     1.279600e-03
2.402650e+00     9.477008e+00     1.175383e+00     1.972160e+00     9.419098e+00     8.870934e-01     1.279606e-03
2.402650e+00     9.477008e+00     1.175383e+00     1.972160e+00     9.419098e+00     8.870934e-01     1.279600e-03
2.402650e+00     9.477008e+00     1.175383e+00     1.972160e+00     9.419098e+00     8.870934e-01     1.279600e-03
2.402650e+00     9.477008e+00     1.175383e+00     1.972160e+00     9.419098e+00     8.870934e-01     1.279603e-03
2.376492e+00     9.656552e+00     1.175549e+00     1.845426e+00     9.615225e+00     8.892130e-01     4.750931e-04
2.376492e+00     9.656552e+00     1.175549e+00     1.845426e+00     9.615225e+00     8.892130e-01     4.750929e-04
2.376492e+00     9.656552e+00     1.175549e+00     1.845426e+00     9.615225e+00     8.892130e-01     4.750932e-04
2.376492e+00     9.656552e+00     1.175549e+00     1.845426e+00     9.615225e+00     8.892130e-01     4.750911e-04
2.376492e+00     9.656552e+00     1.175549e+00     1.845426e+00     9.615225e+00     8.892130e-01     4.750933e-04
2.376492e+00     9.656552e+00     1.175549e+00     1.845426e+00     9.615225e+00     8.892130e-01     4.750929e-04
2.376492e+00     9.656552e+00     1.175549e+00     1.845426e+00     9.615225e+00     8.892130e-01     4.750956e-04
2.369384e+00     9.790825e+00     1.177631e+00     1.820607e+00     9.755917e+00     8.860444e-01     1.099550e-03
2.372938e+00     9.723689e+00     1.176590e+00     1.833017e+00     9.685571e+00     8.876287e-01     7.437030e-04
2.374715e+00     9.690120e+00     1.176070e+00     1.839221e+00     9.650398e+00     8.884208e-01     5.648611e-04
2.375603e+00     9.673336e+00     1.175809e+00     1.842324e+00     9.632811e+00     8.888169e-01     4.752056e-04
2.356326e+00     9.667152e+00     1.177122e+00     1.819247e+00     9.630598e+00     8.858181e-01     1.043185e-03
2.362191e+00     9.659702e+00     1.176876e+00     1.837886e+00     9.622915e+00     8.854169e-01     9.229872e-04
2.369456e+00     9.657382e+00     1.176544e+00     1.847201e+00     9.615944e+00     8.851513e-01     8.755935e-04
2.374785e+00     9.656759e+00     1.176317e+00     1.845789e+00     9.615399e+00     8.860787e-01     7.148452e-04
2.375742e+00     9.656635e+00     1.176392e+00     1.845587e+00     9.615307e+00     8.877486e-01     3.907475e-04
2.375742e+00     9.656635e+00     1.176392e+00     1.845587e+00     9.615307e+00     8.877486e-01     3.907469e-04
2.375742e+00     9.656636e+00     1.176392e+00     1.845587e+00     9.615307e+00     8.877486e-01     3.907479e-04
2.375742e+00     9.656635e+00     1.176392e+00     1.845587e+00     9.615307e+00     8.877486e-01     3.907421e-04
2.375742e+00     9.656635e+00     1.176392e+00     1.845587e+00     9.615307e+00     8.877486e-01     3.907472e-04
2.375742e+00     9.656635e+00     1.176392e+00     1.845587e+00     9.615307e+00     8.877486e-01     3.907476e-04
2.375742e+00     9.656635e+00     1.176392e+00     1.845587e+00     9.615307e+00     8.877486e-01     3.907449e-04
2.386338e+00     9.649147e+00     1.188269e+00     1.924407e+00     9.600167e+00     8.773348e-01     2.434778e-03
2.376036e+00     9.656428e+00     1.176721e+00     1.847771e+00     9.614888e+00     8.874601e-01     3.177129e-04
2.376036e+00     9.656428e+00     1.176721e+00     1.847771e+00     9.614888e+00     8.874601e-01     3.177123e-04
2.376036e+00     9.656428e+00     1.176721e+00     1.847771e+00     9.614888e+00     8.874601e-01     3.177133e-04
2.376036e+00     9.656428e+00     1.176721e+00     1.847771e+00     9.614888e+00     8.874601e-01     3.177075e-04
2.376036e+00     9.656428e+00     1.176721e+00     1.847771e+00     9.614888e+00     8.874601e-01     3.177126e-04
2.376036e+00     9.656428e+00     1.176721e+00     1.847771e+00     9.614888e+00     8.874601e-01     3.177130e-04
2.376036e+00     9.656428e+00     1.176721e+00     1.847771e+00     9.614888e+00     8.874601e-01     3.177103e-04
2.342161e+00     9.627920e+00     1.230559e+00     1.970834e+00     9.574447e+00     8.537436e-01     1.060195e-02
2.359099e+00     9.642174e+00     1.203640e+00     1.909302e+00     9.594667e+00     8.706018e-01     5.277586e-03
2.367567e+00     9.649301e+00     1.190181e+00     1.878537e+00     9.604777e+00     8.790309e-01     2.610396e-03
2.371801e+00     9.652865e+00     1.183451e+00     1.863154e+00     9.609833e+00     8.832455e-01     1.274778e-03
2.375629e+00     9.656427e+00     1.180638e+00     1.847916e+00     9.614954e+00     8.866360e-01     7.225912e-04
2.375913e+00     9.656418e+00     1.178719e+00     1.847872e+00     9.614906e+00     8.877236e-01     3.333258e-04
2.375913e+00     9.656418e+00     1.178719e+00     1.847872e+00     9.614906e+00     8.877236e-01     3.333263e-04
2.375913e+00     9.656418e+00     1.178719e+00     1.847872e+00     9.614906e+00     8.877236e-01     3.333254e-04
2.375913e+00     9.656418e+00     1.178719e+00     1.847872e+00     9.614906e+00     8.877236e-01     3.333311e-04
2.375913e+00     9.656418e+00     1.178719e+00     1.847872e+00     9.614906e+00     8.877236e-01     3.333260e-04
2.375913e+00     9.656418e+00     1.178719e+00     1.847872e+00     9.614906e+00     8.877236e-01     3.333257e-04
2.375913e+00     9.656418e+00     1.178719e+00     1.847872e+00     9.614906e+00     8.877236e-01     3.333284e-04
2.373097e+00     9.768995e+00     1.177445e+00     1.823813e+00     9.734090e+00     8.923178e-01     6.565926e-04
2.375865e+00     9.658326e+00     1.178697e+00     1.847464e+00     9.616927e+00     8.878014e-01     3.290424e-04
2.375866e+00     9.658326e+00     1.178697e+00     1.847464e+00     9.616927e+00     8.878014e-01     3.290429e-04
2.375865e+00     9.658327e+00     1.178697e+00     1.847464e+00     9.616927e+00     8.878014e-01     3.290420e-04
2.375865e+00     9.658326e+00     1.178697e+00     1.847464e+00     9.616927e+00     8.878014e-01     3.290477e-04
2.375865e+00     9.658326e+00     1.178697e+00     1.847464e+00     9.616927e+00     8.878014e-01     3.290426e-04
2.375865e+00     9.658326e+00     1.178697e+00     1.847464e+00     9.616927e+00     8.878014e-01     3.290423e-04
2.375865e+00     9.658326e+00     1.178697e+00     1.847464e+00     9.616927e+00     8.878015e-01     3.290450e-04
2.349051e+00     9.839858e+00     1.171236e+00     1.804932e+00     9.817848e+00     9.022415e-01     3.023264e-03
2.362458e+00     9.749092e+00     1.174967e+00     1.826198e+00     9.717388e+00     8.950215e-01     1.466512e-03
2.369162e+00     9.703709e+00     1.176832e+00     1.836831e+00     9.667157e+00     8.914115e-01     6.837791e-04
2.372514e+00     9.681018e+00     1.177765e+00     1.842147e+00     9.642042e+00     8.896065e-01     2.913078e-04
2.372514e+00     9.681018e+00     1.177765e+00     1.842147e+00     9.642042e+00     8.896065e-01     2.913076e-04
2.372514e+00     9.681018e+00     1.177765e+00     1.842147e+00     9.642042e+00     8.896065e-01     2.913079e-04
2.372514e+00     9.681018e+00     1.177765e+00     1.842147e+00     9.642042e+00     8.896065e-01     2.913058e-04
2.372514e+00     9.681018e+00     1.177765e+00     1.842147e+00     9.642042e+00     8.896065e-01     2.913080e-04
2.372514e+00     9.681018e+00     1.177765e+00     1.842147e+00     9.642042e+00     8.896065e-01     2.913076e-04
2.372514e+00     9.681018e+00     1.177765e+00     1.842147e+00     9.642042e+00     8.896065e-01     2.913103e-04
2.348360e+00     9.763431e+00     1.180293e+00     1.870283e+00     9.730565e+00     8.842568e-01     5.546895e-04
2.348360e+00     9.763431e+00     1.180293e+00     1.870283e+00     9.730565e+00     8.842568e-01     5.546897e-04
2.348360e+00     9.763431e+00     1.180293e+00     1.870283e+00     9.730565e+00     8.842568e-01     5.546893e-04
2.348360e+00     9.763431e+00     1.180293e+00     1.870283e+00     9.730565e+00     8.842568e-01     5.546915e-04
2.348360e+00     9.763431e+00     1.180293e+00     1.870283e+00     9.730565e+00     8.842568e-01     5.546893e-04
2.348360e+00     9.763431e+00     1.180293e+00     1.870283e+00     9.730565e+00     8.842568e-01     5.546896e-04
2.348360e+00     9.763431e+00     1.180293e+00     1.870283e+00     9.730565e+00     8.842568e-01     5.546869e-04
2.326394e+00     9.841914e+00     1.181505e+00     1.847964e+00     9.817746e+00     8.867376e-01     4.064655e-04
2.326394e+00     9.841914e+00     1.181505e+00     1.847964e+00     9.817746e+00     8.867376e-01     4.064649e-04
2.326394e+00     9.841915e+00     1.181505e+00     1.847964e+00     9.817746e+00     8.867376e-01     4.064659e-04
2.326394e+00     9.841914e+00     1.181505e+00     1.847964e+00     9.817746e+00     8.867376e-01     4.064601e-04
2.326394e+00     9.841914e+00     1.181505e+00     1.847964e+00     9.817746e+00     8.867376e-01     4.064652e-04
2.326394e+00     9.841914e+00     1.181505e+00     1.847964e+00     9.817746e+00     8.867376e-01     4.064656e-04
2.326394e+00     9.841914e+00     1.181505e+00     1.847964e+00     9.817746e+00     8.867376e-01     4.064629e-04
2.264669e+00     1.010257e+01     1.186149e+00     1.825822e+00     1.010470e+01     8.946632e-01     7.109299e-04
2.264669e+00     1.010257e+01     1.186149e+00     1.825822e+00     1.010470e+01     8.946632e-01     7.109298e-04
2.264669e+00     1.010257e+01     1.186149e+00     1.825822e+00     1.010470e+01     8.946632e-01     7.109301e-04
2.264669e+00     1.010257e+01     1.186149e+00     1.825822e+00     1.010470e+01     8.946632e-01     7.109280e-04
2.264669e+00     1.010257e+01     1.186149e+00     1.825822e+00     1.010470e+01     8.946632e-01     7.109302e-04
2.264669e+00     1.010257e+01     1.186149e+00     1.825822e+00     1.010470e+01     8.946632e-01     7.109298e-04
2.264669e+00     1.010257e+01     1.186149e+00     1.825822e+00     1.010470e+01     8.946632e-01     7.109325e-04
2.193137e+00     1.013304e+01     1.189466e+00     1.881837e+00     1.015185e+01     8.930470e-01     8.726790e-04
2.193137e+00     1.013304e+01     1.189466e+00     1.881837e+00     1.015185e+01     8.930470e-01     8.726788e-04
2.193137e+00     1.013304e+01     1.189466e+00     1.881837e+00     1.015185e+01     8.930470e-01     8.726791e-04
2.193137e+00     1.013304e+01     1.189466e+00     1.881837e+00     1.015185e+01     8.930470e-01     8.726770e-04
2.193137e+00     1.013304e+01     1.189466e+00     1.881837e+00     1.015185e+01     8.930470e-01     8.726792e-04
2.193137e+00     1.013304e+01     1.189466e+00     1.881837e+00     1.015185e+01     8.930470e-01     8.726788e-04
2.193137e+00     1.013304e+01     1.189466e+00     1.881837e+00     1.015185e+01     8.930470e-01     8.726815e-04
2.087848e+00     1.021269e+01     1.194842e+00     1.950928e+00     1.025689e+01     8.906330e-01     9.459372e-04
2.087848e+00     1.021269e+01     1.194842e+00     1.950928e+00     1.025689e+01     8.906330e-01     9.459370e-04
2.087848e+00     1.021269e+01     1.194842e+00     1.950928e+00     1.025689e+01     8.906330e-01     9.459373e-04
2.087848e+00     1.021269e+01     1.194842e+00     1.950928e+00     1.025689e+01     8.906330e-01     9.459352e-04
2.087848e+00     1.021269e+01     1.194842e+00     1.950928e+00     1.025689e+01     8.906330e-01     9.459374e-04
2.087848e+00     1.021269e+01     1.194842e+00     1.950928e+00     1.025689e+01     8.906330e-01     9.459371e-04
2.087848e+00     1.021269e+01     1.194842e+00     1.950928e+00     1.025689e+01     8.906330e-01     9.459398e-04
2.035448e+00     1.026488e+01     1.197922e+00     1.980126e+00     1.032119e+01     8.883589e-01     7.157025e-04
2.035448e+00     1.026488e+01     1.197922e+00     1.980126e+00     1.032119e+01     8.883589e-01     7.157023e-04
2.035448e+00     1.026488e+01     1.197922e+00     1.980126e+00     1.032119e+01     8.883589e-01     7.157026e-04
2.035448e+00     1.026488e+01     1.197922e+00     1.980126e+00     1.032119e+01     8.883589e-01     7.157005e-04
2.035448e+00     1.026488e+01     1.197922e+00     1.980126e+00     1.032119e+01     8.883589e-01     7.157027e-04
2.035448e+00     1.026488e+01     1.197922e+00     1.980126e+00     1.032119e+01     8.883589e-01     7.157023e-04
2.035448e+00     1.026488e+01     1.197922e+00     1.980126e+00     1.032119e+01     8.883589e-01     7.157050e-04
2.016373e+00     1.029489e+01     1.200165e+00     1.986603e+00     1.035229e+01     8.828988e-01     7.341203e-04
2.025910e+00     1.027988e+01     1.199044e+00     1.983365e+00     1.033674e+01     8.856288e-01     4.203665e-04
2.025910e+00     1.027988e+01     1.199044e+00     1.983365e+00     1.033674e+01     8.856288e-01     4.203660e-04
2.025910e+00     1.027988e+01     1.199044e+00     1.983365e+00     1.033674e+01     8.856288e-01     4.203668e-04
2.025910e+00     1.027988e+01     1.199044e+00     1.983365e+00     1.033674e+01     8.856288e-01     4.203611e-04
2.025910e+00     1.027988e+01     1.199044e+00     1.983365e+00     1.033674e+01     8.856288e-01     4.203663e-04
2.025910e+00     1.027988e+01     1.199044e+00     1.983365e+00     1.033674e+01     8.856288e-01     4.203666e-04
2.025910e+00     1.027988e+01     1.199044e+00     1.983365e+00     1.033674e+01     8.856289e-01     4.203639e-04
2.030916e+00     1.031712e+01     1.199109e+00     1.969309e+00     1.037480e+01     8.878622e-01     4.454764e-04
2.030916e+00     1.031712e+01     1.199109e+00     1.969309e+00     1.037480e+01     8.878622e-01     4.454762e-04
2.030916e+00     1.031712e+01     1.199109e+00     1.969309e+00     1.037480e+01     8.878622e-01     4.454765e-04
2.030916e+00     1.031712e+01     1.199110e+00     1.969309e+00     1.037480e+01     8.878622e-01     4.454744e-04
2.030916e+00     1.031712e+01     1.199109e+00     1.969309e+00     1.037480e+01     8.878622e-01     4.454766e-04
2.030916e+00     1.031712e+01     1.199109e+00     1.969309e+00     1.037480e+01     8.878622e-01     4.454763e-04
2.030916e+00     1.031712e+01     1.199109e+00     1.969309e+00     1.037480e+01     8.878622e-01     4.454790e-04
2.030310e+00     1.032847e+01     1.199592e+00     1.967170e+00     1.038561e+01     8.874132e-01     3.031975e-04
2.030311e+00     1.032847e+01     1.199592e+00     1.967170e+00     1.038561e+01     8.874132e-01     3.031973e-04
2.030310e+00     1.032847e+01     1.199592e+00     1.967170e+00     1.038561e+01     8.874132e-01     3.031976e-04
2.030310e+00     1.032847e+01     1.199592e+00     1.967170e+00     1.038561e+01     8.874132e-01     3.031955e-04
2.030310e+00     1.032847e+01     1.199592e+00     1.967170e+00     1.038561e+01     8.874132e-01     3.031977e-04
2.030310e+00     1.032847e+01     1.199592e+00     1.967170e+00     1.038561e+01     8.874132e-01     3.031974e-04
2.030310e+00     1.032847e+01     1.199592e+00     1.967170e+00     1.038561e+01     8.874132e-01     3.032000e-04
2.029789e+00     1.034304e+01     1.201473e+00     1.964919e+00     1.039535e+01     8.846662e-01     3.886742e-04
2.030050e+00     1.033575e+01     1.200532e+00     1.966045e+00     1.039048e+01     8.860397e-01     1.213316e-04
2.030050e+00     1.033575e+01     1.200532e+00     1.966045e+00     1.039048e+01     8.860397e-01     1.213311e-04
2.030050e+00     1.033575e+01     1.200532e+00     1.966045e+00     1.039048e+01     8.860397e-01     1.213319e-04
2.030050e+00     1.033575e+01     1.200532e+00     1.966045e+00     1.039048e+01     8.860397e-01     1.213263e-04
2.030050e+00     1.033575e+01     1.200532e+00     1.966045e+00     1.039048e+01     8.860397e-01     1.213314e-04
2.030050e+00     1.033575e+01     1.200532e+00     1.966045e+00     1.039048e+01     8.860397e-01     1.213318e-04
2.030050e+00     1.033575e+01     1.200532e+00     1.966045e+00     1.039048e+01     8.860397e-01     1.213290e-04
2.029186e+00     1.034883e+01     1.201439e+00     1.965341e+00     1.040204e+01     8.859391e-01     1.592193e-04
2.029618e+00     1.034229e+01     1.200985e+00     1.965693e+00     1.039626e+01     8.859894e-01     1.008654e-04
2.029618e+00     1.034229e+01     1.200985e+00     1.965693e+00     1.039626e+01     8.859894e-01     1.008656e-04
2.029618e+00     1.034229e+01     1.200985e+00     1.965693e+00     1.039626e+01     8.859894e-01     1.008653e-04
2.029618e+00     1.034229e+01     1.200986e+00     1.965693e+00     1.039626e+01     8.859894e-01     1.008674e-04
2.029618e+00     1.034229e+01     1.200985e+00     1.965693e+00     1.039626e+01     8.859894e-01     1.008652e-04
2.029618e+00     1.034229e+01     1.200985e+00     1.965693e+00     1.039626e+01     8.859894e-01     1.008656e-04
2.029618e+00     1.034229e+01     1.200985e+00     1.965693e+00     1.039626e+01     8.859894e-01     1.008629e-04
1.991072e+00     1.024050e+01     1.202231e+00     1.982112e+00     1.029814e+01     8.864071e-01     2.037715e-04
1.991072e+00     1.024050e+01     1.202231e+00     1.982112e+00     1.029814e+01     8.864071e-01     2.037720e-04
1.991072e+00     1.024050e+01     1.202231e+00     1.982112e+00     1.029814e+01     8.864071e-01     2.037712e-04
1.991072e+00     1.024050e+01     1.202231e+00     1.982112e+00     1.029814e+01     8.864071e-01     2.037769e-04
1.991072e+00     1.024050e+01     1.202231e+00     1.982112e+00     1.029814e+01     8.864071e-01     2.037717e-04
1.991072e+00     1.024050e+01     1.202231e+00     1.982112e+00     1.029814e+01     8.864071e-01     2.037714e-04
1.991072e+00     1.024050e+01     1.202231e+00     1.982112e+00     1.029814e+01     8.864071e-01     2.037741e-04
1.989589e+00     1.023665e+01     1.202095e+00     1.977618e+00     1.029502e+01     8.864392e-01     1.831628e-04
1.990331e+00     1.023857e+01     1.202163e+00     1.979865e+00     1.029658e+01     8.864232e-01     1.843052e-04
1.990331e+00     1.023857e+01     1.202163e+00     1.979865e+00     1.029658e+01     8.864232e-01     1.843050e-04
1.990331e+00     1.023857e+01     1.202163e+00     1.979865e+00     1.029658e+01     8.864232e-01     1.843053e-04
1.990331e+00     1.023857e+01     1.202163e+00     1.979865e+00     1.029658e+01     8.864232e-01     1.843032e-04
1.990331e+00     1.023857e+01     1.202163e+00     1.979865e+00     1.029658e+01     8.864232e-01     1.843054e-04
1.990331e+00     1.023857e+01     1.202163e+00     1.979865e+00     1.029658e+01     8.864232e-01     1.843051e-04
1.990331e+00     1.023857e+01     1.202163e+00     1.979865e+00     1.029658e+01     8.864232e-01     1.843078e-04
1.997084e+00     1.024454e+01     1.201857e+00     1.976134e+00     1.030137e+01     8.861014e-01     9.582716e-05
1.997084e+00     1.024454e+01     1.201857e+00     1.976134e+00     1.030137e+01     8.861014e-01     9.582698e-05
1.997084e+00     1.024454e+01     1.201857e+00     1.976134e+00     1.030137e+01     8.861014e-01     9.582728e-05
1.997084e+00     1.024454e+01     1.201857e+00     1.976134e+00     1.030137e+01     8.861014e-01     9.582519e-05
1.997084e+00     1.024454e+01     1.201857e+00     1.976134e+00     1.030137e+01     8.861014e-01     9.582737e-05
1.997084e+00     1.024454e+01     1.201857e+00     1.976134e+00     1.030137e+01     8.861014e-01     9.582703e-05
1.997084e+00     1.024454e+01     1.201857e+00     1.976134e+00     1.030137e+01     8.861014e-01     9.582974e-05
2.000775e+00     1.025858e+01     1.201873e+00     1.975564e+00     1.031446e+01     8.838975e-01     3.141471e-04
1.998930e+00     1.025156e+01     1.201865e+00     1.975849e+00     1.030792e+01     8.849994e-01     1.089827e-04
1.998007e+00     1.024805e+01     1.201861e+00     1.975991e+00     1.030465e+01     8.855504e-01     6.576014e-06
1.998007e+00     1.024805e+01     1.201861e+00     1.975991e+00     1.030465e+01     8.855504e-01     6.576194e-06
1.998007e+00     1.024805e+01     1.201861e+00     1.975991e+00     1.030465e+01     8.855504e-01     6.575898e-06
1.998007e+00     1.024805e+01     1.201861e+00     1.975991e+00     1.030465e+01     8.855504e-01     6.577986e-06
1.998007e+00     1.024805e+01     1.201861e+00     1.975991e+00     1.030465e+01     8.855504e-01     6.575807e-06
1.998007e+00     1.024805e+01     1.201861e+00     1.975991e+00     1.030465e+01     8.855504e-01     6.576145e-06
1.998007e+00     1.024805e+01     1.201861e+00     1.975991e+00     1.030465e+01     8.855504e-01     6.573439e-06
1.993281e+00     1.023553e+01     1.202043e+00     1.977025e+00     1.029255e+01     8.859034e-01     7.631042e-05
1.995644e+00     1.024179e+01     1.201952e+00     1.976508e+00     1.029860e+01     8.857269e-01     3.589538e-05
1.996825e+00     1.024492e+01     1.201906e+00     1.976250e+00     1.030162e+01     8.856387e-01     1.565689e-05
1.996825e+00     1.024492e+01     1.201906e+00     1.976250e+00     1.030162e+01     8.856387e-01     1.565737e-05
1.996825e+00     1.024492e+01     1.201906e+00     1.976250e+00     1.030162e+01     8.856387e-01     1.565657e-05
1.996825e+00     1.024492e+01     1.201906e+00     1.976250e+00     1.030162e+01     8.856387e-01     1.566221e-05
1.996825e+00     1.024492e+01     1.201906e+00     1.976250e+00     1.030162e+01     8.856387e-01     1.565709e-05
1.996825e+00     1.024492e+01     1.201906e+00     1.976250e+00     1.030162e+01     8.856387e-01     1.565675e-05
1.996825e+00     1.024492e+01     1.201906e+00     1.976250e+00     1.030162e+01     8.856387e-01     1.565946e-05
1.994646e+00     1.023771e+01     1.201926e+00     1.976312e+00     1.029465e+01     8.856024e-01     1.861781e-05
1.995736e+00     1.024131e+01     1.201916e+00     1.976281e+00     1.029813e+01     8.856205e-01     1.578206e-05
1.996280e+00     1.024311e+01     1.201911e+00     1.976265e+00     1.029988e+01     8.856296e-01     1.436717e-05
1.996280e+00     1.024311e+01     1.201911e+00     1.976265e+00     1.029988e+01     8.856296e-01     1.436699e-05
1.996280e+00     1.024311e+01     1.201911e+00     1.976265e+00     1.029988e+01     8.856296e-01     1.436728e-05
1.996280e+00     1.024311e+01     1.201911e+00     1.976265e+00     1.029988e+01     8.856296e-01     1.436520e-05
1.996280e+00     1.024311e+01     1.201911e+00     1.976265e+00     1.029988e+01     8.856296e-01     1.436738e-05
1.996280e+00     1.024311e+01     1.201911e+00     1.976265e+00     1.029988e+01     8.856296e-01     1.436704e-05
1.996280e+00     1.024311e+01     1.201911e+00     1.976265e+00     1.029988e+01     8.856296e-01     1.436974e-05
1.993429e+00     1.023533e+01     1.202019e+00     1.976807e+00     1.029227e+01     8.855384e-01     8.396823e-06
1.993429e+00     1.023533e+01     1.202019e+00     1.976807e+00     1.029227e+01     8.855384e-01     8.396643e-06
1.993429e+00     1.023533e+01     1.202019e+00     1.976807e+00     1.029227e+01     8.855384e-01     8.396939e-06
1.993429e+00     1.023533e+01     1.202019e+00     1.976807e+00     1.029227e+01     8.855384e-01     8.394851e-06
1.993429e+00     1.023533e+01     1.202019e+00     1.976807e+00     1.029227e+01     8.855384e-01     8.397030e-06
1.993429e+00     1.023533e+01     1.202019e+00     1.976807e+00     1.029227e+01     8.855384e-01     8.396692e-06
1.993429e+00     1.023533e+01     1.202019e+00     1.976807e+00     1.029227e+01     8.855384e-01     8.399398e-06
1.991420e+00     1.022432e+01     1.202077e+00     1.976059e+00     1.028100e+01     8.853746e-01     1.808503e-05
1.992425e+00     1.022983e+01     1.202048e+00     1.976433e+00     1.028663e+01     8.854565e-01     4.902949e-06
1.992927e+00     1.023258e+01     1.202034e+00     1.976620e+00     1.028945e+01     8.854974e-01     3.628647e-06
1.992927e+00     1.023258e+01     1.202034e+00     1.976620e+00     1.028945e+01     8.854974e-01     3.629133e-06
1.992927e+00     1.023258e+01     1.202034e+00     1.976620e+00     1.028945e+01     8.854974e-01     3.628335e-06
1.992927e+00     1.023258e+01     1.202034e+00     1.976620e+00     1.028945e+01     8.854974e-01     3.633975e-06
1.992927e+00     1.023258e+01     1.202034e+00     1.976620e+00     1.028945e+01     8.854974e-01     3.628854e-06
1.992927e+00     1.023258e+01     1.202034e+00     1.976620e+00     1.028945e+01     8.854974e-01     3.628515e-06
1.992927e+00     1.023258e+01     1.202034e+00     1.976620e+00     1.028945e+01     8.854974e-01     3.631222e-06
1.990636e+00     1.022875e+01     1.202137e+00     1.976489e+00     1.028576e+01     8.853477e-01     2.226715e-05
1.991781e+00     1.023066e+01     1.202085e+00     1.976554e+00     1.028760e+01     8.854226e-01     1.029084e-05
1.992354e+00     1.023162e+01     1.202059e+00     1.976587e+00     1.028853e+01     8.854600e-01     4.301079e-06
1.992640e+00     1.023210e+01     1.202047e+00     1.976603e+00     1.028899e+01     8.854787e-01     1.305797e-06
1.992641e+00     1.023210e+01     1.202047e+00     1.976603e+00     1.028899e+01     8.854787e-01     1.305977e-06
1.992640e+00     1.023210e+01     1.202047e+00     1.976603e+00     1.028899e+01     8.854787e-01     1.305682e-06
1.992640e+00     1.023210e+01     1.202047e+00     1.976603e+00     1.028899e+01     8.854787e-01     1.307770e-06
1.992640e+00     1.023210e+01     1.202047e+00     1.976603e+00     1.028899e+01     8.854787e-01     1.305590e-06
1.992640e+00     1.023210e+01     1.202047e+00     1.976603e+00     1.028899e+01     8.854787e-01     1.305929e-06
1.992640e+00     1.023210e+01     1.202047e+00     1.976603e+00     1.028899e+01     8.854787e-01     1.303222e-06
1.992496e+00     1.023211e+01     1.202052e+00     1.976568e+00     1.028903e+01     8.854951e-01     2.563234e-06
1.992496e+00     1.023211e+01     1.202052e+00     1.976568e+00     1.028903e+01     8.854951e-01     2.563720e-06
1.992496e+00     1.023211e+01     1.202052e+00     1.976568e+00     1.028903e+01     8.854951e-01     2.562922e-06
1.992496e+00     1.023211e+01     1.202052e+00     1.976568e+00     1.028903e+01     8.854951e-01     2.568562e-06
1.992496e+00     1.023211e+01     1.202052e+00     1.976568e+00     1.028903e+01     8.854951e-01     2.563441e-06
1.992496e+00     1.023211e+01     1.202052e+00     1.976568e+00     1.028903e+01     8.854951e-01     2.563103e-06
1.992496e+00     1.023211e+01     1.202052e+00     1.976568e+00     1.028903e+01     8.854951e-01     2.565809e-06
1.992346e+00     1.023189e+01     1.202057e+00     1.976512e+00     1.028881e+01     8.854960e-01     1.843063e-06
1.992347e+00     1.023189e+01     1.202057e+00     1.976512e+00     1.028881e+01     8.854960e-01     1.843550e-06
1.992346e+00     1.023189e+01     1.202057e+00     1.976512e+00     1.028881e+01     8.854960e-01     1.842752e-06
1.992346e+00     1.023189e+01     1.202057e+00     1.976512e+00     1.028881e+01     8.854960e-01     1.848392e-06
1.992346e+00     1.023189e+01     1.202057e+00     1.976512e+00     1.028881e+01     8.854960e-01     1.843271e-06
1.992346e+00     1.023189e+01     1.202057e+00     1.976512e+00     1.028881e+01     8.854960e-01     1.842932e-06
1.992346e+00     1.023189e+01     1.202057e+00     1.976512e+00     1.028881e+01     8.854960e-01     1.845639e-06
1.992048e+00     1.023126e+01     1.202057e+00     1.976401e+00     1.028814e+01     8.854958e-01     2.829287e-06
1.992197e+00     1.023158e+01     1.202057e+00     1.976456e+00     1.028848e+01     8.854959e-01     2.331241e-06
1.992272e+00     1.023173e+01     1.202057e+00     1.976484e+00     1.028865e+01     8.854960e-01     2.082251e-06
1.992309e+00     1.023181e+01     1.202057e+00     1.976498e+00     1.028873e+01     8.854960e-01     1.957764e-06
1.992346e+00     1.023189e+01     1.202045e+00     1.976512e+00     1.028881e+01     8.854946e-01     2.821910e-06
1.992346e+00     1.023189e+01     1.202051e+00     1.976512e+00     1.028881e+01     8.854948e-01     2.217266e-06
1.992346e+00     1.023189e+01     1.202054e+00     1.976512e+00     1.028881e+01     8.854954e-01     2.025273e-06
1.992346e+00     1.023189e+01     1.202055e+00     1.976512e+00     1.028881e+01     8.854957e-01     1.929278e-06
1.992346e+00     1.023189e+01     1.202056e+00     1.976512e+00     1.028881e+01     8.854959e-01     1.881280e-06
1.992346e+00     1.023189e+01     1.202056e+00     1.976512e+00     1.028881e+01     8.854959e-01     1.857281e-06
1.992346e+00     1.023189e+01     1.202056e+00     1.976512e+00     1.028881e+01     8.854960e-01     1.845282e-06
1.992346e+00     1.023189e+01     1.202056e+00     1.976512e+00     1.028881e+01     8.854960e-01     1.839282e-06
1.992346e+00     1.023189e+01     1.202056e+00     1.976512e+00     1.028881e+01     8.854960e-01     1.836282e-06
1.992347e+00     1.023189e+01     1.202056e+00     1.976512e+00     1.028881e+01     8.854960e-01     1.836102e-06
1.992346e+00     1.023189e+01     1.202056e+00     1.976512e+00     1.028881e+01     8.854960e-01     1.836398e-06
1.992346e+00     1.023189e+01     1.202057e+00     1.976512e+00     1.028881e+01     8.854960e-01     1.834310e-06
1.992346e+00     1.023189e+01     1.202056e+00     1.976512e+00     1.028881e+01     8.854960e-01     1.836489e-06
1.992346e+00     1.023189e+01     1.202056e+00     1.976512e+00     1.028881e+01     8.854960e-01     1.836151e-06
1.992346e+00     1.023189e+01     1.202056e+00     1.976512e+00     1.028881e+01     8.854960e-01     1.838857e-06
1.992504e+00     1.023192e+01     1.202048e+00     1.976503e+00     1.028881e+01     8.854873e-01     2.735532e-07
1.992504e+00     1.023192e+01     1.202048e+00     1.976503e+00     1.028881e+01     8.854873e-01     2.733731e-07
1.992504e+00     1.023192e+01     1.202048e+00     1.976503e+00     1.028881e+01     8.854873e-01     2.736687e-07
1.992504e+00     1.023192e+01     1.202048e+00     1.976503e+00     1.028881e+01     8.854873e-01     2.747118e-07
1.992504e+00     1.023192e+01     1.202048e+00     1.976504e+00     1.028881e+01     8.854873e-01     2.737602e-07
1.992504e+00     1.023192e+01     1.202048e+00     1.976503e+00     1.028881e+01     8.854873e-01     2.734218e-07
1.992504e+00     1.023192e+01     1.202048e+00     1.976503e+00     1.028881e+01     8.854873e-01     2.761283e-07
3.378581e+00     9.230390e+00     1.118857e+00     1.793343e+00     8.951954e+00     8.263666e-01     1.539836e-02
2.685542e+00     9.731155e+00     1.160452e+00     1.884923e+00     9.620382e+00     8.559269e-01     6.609326e-03
2.339023e+00     9.981538e+00     1.181250e+00     1.930713e+00     9.954595e+00     8.707071e-01     2.974051e-03
2.165763e+00     1.010673e+01     1.191649e+00     1.953608e+00     1.012170e+01     8.780972e-01     1.394112e-03
1.992818e+00     1.023186e+01     1.202030e+00     1.976502e+00     1.028881e+01     8.854697e-01     2.902741e-06
1.992660e+00     1.023189e+01     1.202039e+00     1.976503e+00     1.028881e+01     8.854760e-01     1.799225e-06
1.992582e+00     1.023191e+01     1.202044e+00     1.976503e+00     1.028881e+01     8.854792e-01     1.246852e-06
1.992542e+00     1.023191e+01     1.202046e+00     1.976503e+00     1.028881e+01     8.854808e-01     9.692806e-07
1.992522e+00     1.023192e+01     1.202047e+00     1.976503e+00     1.028881e+01     8.854816e-01     8.275583e-07
1.992511e+00     1.023192e+01     1.202048e+00     1.976503e+00     1.028881e+01     8.854821e-01     7.494105e-07
1.992504e+00     1.023192e+01     1.202048e+00     1.976503e+00     1.028881e+01     8.854836e-01     4.971593e-07
1.992504e+00     1.023192e+01     1.202048e+00     1.976503e+00     1.028881e+01     8.854854e-01     1.763143e-07
1.992504e+00     1.023192e+01     1.202048e+00     1.976503e+00     1.028881e+01     8.854854e-01     1.758277e-07
1.992504e+00     1.023192e+01     1.202048e+00     1.976503e+00     1.028881e+01     8.854854e-01     1.766263e-07
1.992504e+00     1.023192e+01     1.202048e+00     1.976503e+00     1.028881e+01     8.854854e-01     1.709860e-07
1.992504e+00     1.023192e+01     1.202048e+00     1.976503e+00     1.028881e+01     8.854854e-01     1.761072e-07
1.992504e+00     1.023192e+01     1.202048e+00     1.976503e+00     1.028881e+01     8.854854e-01     1.764456e-07
1.992504e+00     1.023192e+01     1.202048e+00     1.976503e+00     1.028881e+01     8.854854e-01     1.737391e-07
2.486799e+00     9.878061e+00     1.173053e+00     1.913992e+00     9.813413e+00     8.999733e-01     2.593664e-03
1.992506e+00     1.023192e+01     1.202048e+00     1.976503e+00     1.028881e+01     8.854855e-01     1.667346e-07
1.992506e+00     1.023192e+01     1.202048e+00     1.976503e+00     1.028881e+01     8.854855e-01     1.662480e-07
1.992506e+00     1.023192e+01     1.202048e+00     1.976503e+00     1.028881e+01     8.854855e-01     1.670466e-07
1.992506e+00     1.023192e+01     1.202048e+00     1.976503e+00     1.028881e+01     8.854855e-01     1.614063e-07
1.992506e+00     1.023192e+01     1.202048e+00     1.976503e+00     1.028881e+01     8.854855e-01     1.665275e-07
1.992506e+00     1.023192e+01     1.202048e+00     1.976503e+00     1.028881e+01     8.854855e-01     1.668659e-07
1.992506e+00     1.023192e+01     1.202048e+00     1.976503e+00     1.028881e+01     8.854855e-01     1.641594e-07
2.146696e+00     1.032987e+01     1.194404e+00     2.106275e+00     1.035731e+01     8.843185e-01     6.414488e-04
2.069601e+00     1.028089e+01     1.198226e+00     2.041389e+00     1.032306e+01     8.849020e-01     3.185162e-04
2.031053e+00     1.025641e+01     1.200137e+00     2.008946e+00     1.030593e+01     8.851937e-01     1.664066e-04
2.011779e+00     1.024416e+01     1.201092e+00     1.992725e+00     1.029737e+01     8.853396e-01     8.555731e-05
1.992510e+00     1.023192e+01     1.202048e+00     1.976503e+00     1.028881e+01     8.854866e-01     1.608934e-07
1.992510e+00     1.023192e+01     1.202048e+00     1.976503e+00     1.028881e+01     8.854866e-01     1.607133e-07
1.992510e+00     1.023192e+01     1.202048e+00     1.976503e+00     1.028881e+01     8.854866e-01     1.610089e-07
1.992510e+00     1.023192e+01     1.202048e+00     1.976503e+00     1.028881e+01     8.854866e-01     1.641209e-07
1.992510e+00     1.023192e+01     1.202048e+00     1.976503e+00     1.028881e+01     8.854866e-01     1.611004e-07
1.992510e+00     1.023192e+01     1.202048e+00     1.976503e+00     1.028881e+01     8.854866e-01     1.607620e-07
1.992510e+00     1.023192e+01     1.202048e+00     1.976503e+00     1.028881e+01     8.854866e-01     1.634685e-07
2.267759e+00     1.038387e+01     1.188378e+00     2.193638e+00     1.039540e+01     8.884215e-01     1.922699e-03
1.992514e+00     1.023192e+01     1.202047e+00     1.976506e+00     1.028881e+01     8.854867e-01     1.858932e-07
1.992512e+00     1.023192e+01     1.202048e+00     1.976505e+00     1.028881e+01     8.854866e-01     1.732522e-07
1.992511e+00     1.023192e+01     1.202048e+00     1.976504e+00     1.028881e+01     8.854866e-01     1.670728e-07
1.992515e+00     1.023192e+01     1.202047e+00     1.976503e+00     1.028881e+01     8.854864e-01     1.241322e-07
1.992515e+00     1.023192e+01     1.202047e+00     1.976503e+00     1.028881e+01     8.854864e-01     1.239521e-07
1.992515e+00     1.023192e+01     1.202047e+00     1.976503e+00     1.028881e+01     8.854864e-01     1.242477e-07
1.992515e+00     1.023192e+01     1.202047e+00     1.976503e+00     1.028881e+01     8.854864e-01     1.278091e-07
1.992515e+00     1.023192e+01     1.202047e+00     1.976503e+00     1.028881e+01     8.854864e-01     1.243392e-07
1.992515e+00     1.023192e+01     1.202047e+00     1.976503e+00     1.028881e+01     8.854864e-01     1.240008e-07
1.992515e+00     1.023192e+01     1.202047e+00     1.976503e+00     1.028881e+01     8.854864e-01     1.267074e-07
2.590692e+00     1.040105e+01     1.171036e+00     2.348558e+00     1.040948e+01     8.832111e-01     2.314146e-03
1.992523e+00     1.023192e+01     1.202047e+00     1.976508e+00     1.028881e+01     8.854864e-01     1.548203e-07
1.992519e+00     1.023192e+01     1.202047e+00     1.976506e+00     1.028881e+01     8.854864e-01     1.386506e-07
1.992517e+00     1.023192e+01     1.202047e+00     1.976504e+00     1.028881e+01     8.854864e-01     1.311284e-07
1.992525e+00     1.023192e+01     1.202047e+00     1.976503e+00     1.028881e+01     8.854854e-01     1.632575e-07
1.992520e+00     1.023192e+01     1.202047e+00     1.976503e+00     1.028881e+01     8.854853e-01     1.843086e-07
1.992517e+00     1.023192e+01     1.202047e+00     1.976503e+00     1.028881e+01     8.854853e-01     1.958169e-07
1.992515e+00     1.023192e+01     1.202047e+00     1.976503e+00     1.028881e+01     8.854855e-01     1.598393e-07
1.992515e+00     1.023192e+01     1.202047e+00     1.976503e+00     1.028881e+01     8.854860e-01     7.984359e-08
1.992515e+00     1.023192e+01     1.202047e+00     1.976503e+00     1.028881e+01     8.854860e-01     7.935707e-08
1.992515e+00     1.023192e+01     1.202047e+00     1.976503e+00     1.028881e+01     8.854860e-01     8.015559e-08
1.992515e+00     1.023192e+01     1.202047e+00     1.976503e+00     1.028881e+01     8.854860e-01     7.451529e-08
1.992515e+00     1.023192e+01     1.202047e+00     1.976503e+00     1.028881e+01     8.854860e-01     7.963656e-08
1.992515e+00     1.023192e+01     1.202047e+00     1.976503e+00     1.028881e+01     8.854860e-01     7.997495e-08
1.992515e+00     1.023192e+01     1.202047e+00     1.976503e+00     1.028881e+01     8.854860e-01     7.726843e-08
2.418427e+00     1.034958e+01     1.180626e+00     2.245275e+00     1.037115e+01     8.938418e-01     3.239631e-03
1.992516e+00     1.023192e+01     1.202047e+00     1.976504e+00     1.028881e+01     8.854860e-01     7.109620e-08
1.992516e+00     1.023192e+01     1.202047e+00     1.976504e+00     1.028881e+01     8.854860e-01     7.060967e-08
1.992516e+00     1.023192e+01     1.202047e+00     1.976504e+00     1.028881e+01     8.854860e-01     7.140819e-08
1.992516e+00     1.023192e+01     1.202047e+00     1.976504e+00     1.028881e+01     8.854860e-01     6.576790e-08
1.992516e+00     1.023192e+01     1.202047e+00     1.976504e+00     1.028881e+01     8.854860e-01     7.088916e-08
1.992516e+00     1.023192e+01     1.202047e+00     1.976504e+00     1.028881e+01     8.854860e-01     7.122756e-08
1.992516e+00     1.023192e+01     1.202047e+00     1.976504e+00     1.028881e+01     8.854860e-01     6.852102e-08
2.659000e+00     1.062373e+01     1.169877e+00     2.313456e+00     1.063367e+01     9.018442e-01     5.060184e-03
2.325758e+00     1.042782e+01     1.185962e+00     2.144980e+00     1.046124e+01     8.936651e-01     2.449513e-03
2.159137e+00     1.032987e+01     1.194005e+00     2.060742e+00     1.037502e+01     8.895755e-01     1.209001e-03
2.075827e+00     1.028089e+01     1.198026e+00     2.018623e+00     1.033191e+01     8.875308e-01     6.420605e-04
1.992519e+00     1.023192e+01     1.202047e+00     1.976504e+00     1.028881e+01     8.854863e-01     1.160839e-07
1.992517e+00     1.023192e+01     1.202047e+00     1.976504e+00     1.028881e+01     8.854863e-01     1.063293e-07
1.992517e+00     1.023192e+01     1.202047e+00     1.976504e+00     1.028881e+01     8.854863e-01     1.011274e-07
1.992516e+00     1.023192e+01     1.202047e+00     1.976504e+00     1.028881e+01     8.854862e-01     9.297413e-08
1.992516e+00     1.023192e+01     1.202047e+00     1.976504e+00     1.028881e+01     8.854861e-01     7.176093e-08
1.992516e+00     1.023192e+01     1.202047e+00     1.976504e+00     1.028881e+01     8.854861e-01     7.224746e-08
1.992516e+00     1.023192e+01     1.202047e+00     1.976504e+00     1.028881e+01     8.854861e-01     7.144892e-08
1.992516e+00     1.023192e+01     1.202047e+00     1.976504e+00     1.028881e+01     8.854861e-01     7.708922e-08
1.992516e+00     1.023192e+01     1.202047e+00     1.976504e+00     1.028881e+01     8.854861e-01     7.196795e-08
1.992516e+00     1.023192e+01     1.202047e+00     1.976504e+00     1.028881e+01     8.854861e-01     7.162956e-08
1.992516e+00     1.023192e+01     1.202047e+00     1.976504e+00     1.028881e+01     8.854861e-01     7.433608e-08
2.002285e+00     1.023769e+01     1.201485e+00     1.981409e+00     1.029390e+01     8.854210e-01     2.606351e-05
1.992516e+00     1.023192e+01     1.202047e+00     1.976504e+00     1.028881e+01     8.854861e-01     7.176075e-08
1.992516e+00     1.023192e+01     1.202047e+00     1.976504e+00     1.028881e+01     8.854861e-01     7.224727e-08
1.992516e+00     1.023192e+01     1.202047e+00     1.976504e+00     1.028881e+01     8.854861e-01     7.156217e-08
1.992516e+00     1.023192e+01     1.202047e+00     1.976504e+00     1.028881e+01     8.854861e-01     7.708907e-08
1.992516e+00     1.023192e+01     1.202047e+00     1.976504e+00     1.028881e+01     8.854861e-01     7.196781e-08
1.992516e+00     1.023192e+01     1.202047e+00     1.976504e+00     1.028881e+01     8.854861e-01     7.162943e-08
1.992516e+00     1.023192e+01     1.202047e+00     1.976504e+00     1.028881e+01     8.854861e-01     7.433598e-08
1.961785e+00     1.013977e+01     1.203241e+00     1.998382e+00     1.019679e+01     8.839076e-01     5.171420e-05
1.977151e+00     1.018584e+01     1.202644e+00     1.987443e+00     1.024280e+01     8.846968e-01     2.671961e-05
1.984833e+00     1.020888e+01     1.202346e+00     1.981973e+00     1.026580e+01     8.850915e-01     1.358886e-05
1.988675e+00     1.022040e+01     1.202197e+00     1.979239e+00     1.027730e+01     8.852888e-01     6.867100e-06
1.992516e+00     1.023192e+01     1.202047e+00     1.976504e+00     1.028881e+01     8.854860e-01     6.531106e-08
1.992516e+00     1.023192e+01     1.202047e+00     1.976504e+00     1.028881e+01     8.854860e-01     6.513096e-08
1.992516e+00     1.023192e+01     1.202047e+00     1.976504e+00     1.028881e+01     8.854860e-01     6.542654e-08
1.992516e+00     1.023192e+01     1.202047e+00     1.976504e+00     1.028881e+01     8.854860e-01     6.355695e-08
1.992516e+00     1.023192e+01     1.202047e+00     1.976504e+00     1.028881e+01     8.854860e-01     6.551808e-08
1.992516e+00     1.023192e+01     1.202047e+00     1.976504e+00     1.028881e+01     8.854860e-01     6.517969e-08
1.992516e+00     1.023192e+01     1.202047e+00     1.976504e+00     1.028881e+01     8.854861e-01     6.788621e-08
1.787745e+00     1.016470e+01     1.213325e+00     1.846303e+00     1.023754e+01     8.857759e-01     9.301452e-04
1.992516e+00     1.023192e+01     1.202047e+00     1.976504e+00     1.028881e+01     8.854860e-01     6.423412e-08
1.992516e+00     1.023192e+01     1.202047e+00     1.976504e+00     1.028881e+01     8.854860e-01     6.405402e-08
1.992516e+00     1.023192e+01     1.202047e+00     1.976504e+00     1.028881e+01     8.854860e-01     6.434961e-08
1.992516e+00     1.023192e+01     1.202047e+00     1.976504e+00     1.028881e+01     8.854860e-01     6.271167e-08
1.992516e+00     1.023192e+01     1.202047e+00     1.976504e+00     1.028881e+01     8.854860e-01     6.444115e-08
1.992516e+00     1.023192e+01     1.202047e+00     1.976504e+00     1.028881e+01     8.854860e-01     6.410276e-08
1.992516e+00     1.023192e+01     1.202047e+00     1.976504e+00     1.028881e+01     8.854861e-01     6.680928e-08
1.838687e+00     1.019735e+01     1.210602e+00     1.870650e+00     1.026666e+01     8.859829e-01     6.797582e-04
1.915601e+00     1.021463e+01     1.206325e+00     1.923577e+00     1.027773e+01     8.857345e-01     3.324859e-04
1.954059e+00     1.022328e+01     1.204186e+00     1.950040e+00     1.028327e+01     8.856102e-01     1.674728e-04
1.973287e+00     1.022760e+01     1.203117e+00     1.963272e+00     1.028604e+01     8.855481e-01     8.405630e-05
1.992516e+00     1.023192e+01     1.202047e+00     1.976504e+00     1.028881e+01     8.854856e-01     1.317185e-07
1.992516e+00     1.023192e+01     1.202047e+00     1.976504e+00     1.028881e+01     8.854858e-01     9.736414e-08
1.992516e+00     1.023192e+01     1.202047e+00     1.976504e+00     1.028881e+01     8.854859e-01     7.504956e-08
1.992516e+00     1.023192e+01     1.202047e+00     1.976504e+00     1.028881e+01     8.854860e-01     6.384319e-08
1.992516e+00     1.023192e+01     1.202047e+00     1.976504e+00     1.028881e+01     8.854860e-01     5.837286e-08
1.992516e+00     1.023192e+01     1.202047e+00     1.976504e+00     1.028881e+01     8.854860e-01     5.819276e-08
1.992516e+00     1.023192e+01     1.202047e+00     1.976504e+00     1.028881e+01     8.854860e-01     5.848835e-08
1.992516e+00     1.023192e+01     1.202047e+00     1.976504e+00     1.028881e+01     8.854860e-01     6.045705e-08
1.992516e+00     1.023192e+01     1.202047e+00     1.976504e+00     1.028881e+01     8.854860e-01     5.857988e-08
1.992516e+00     1.023192e+01     1.202047e+00     1.976504e+00     1.028881e+01     8.854860e-01     5.826926e-08
1.992516e+00     1.023192e+01     1.202047e+00     1.976504e+00     1.028881e+01     8.854860e-01     6.094801e-08
3.668207e+00     1.137891e+01     1.201111e+00     2.705493e+00     1.132936e+01     6.128066e-01     6.926534e-02
1.992516e+00     1.023192e+01     1.202047e+00     1.976504e+00     1.028881e+01     8.854860e-01     6.120705e-08
1.992516e+00     1.023192e+01     1.202047e+00     1.976504e+00     1.028881e+01     8.854860e-01     5.923235e-08
1.992516e+00     1.023192e+01     1.202047e+00     1.976504e+00     1.028881e+01     8.854860e-01     5.868512e-08
1.992516e+00     1.023192e+01     1.202047e+00     1.976504e+00     1.028881e+01     8.854858e-01     9.373106e-08
1.992516e+00     1.023192e+01     1.202047e+00     1.976504e+00     1.028881e+01     8.854859e-01     7.742508e-08
1.992516e+00     1.023192e+01     1.202047e+00     1.976504e+00     1.028881e+01     8.854860e-01     6.922839e-08
1.992516e+00     1.023192e+01     1.202047e+00     1.976504e+00     1.028881e+01     8.854860e-01     6.503831e-08
1.992516e+00     1.023192e+01     1.202047e+00     1.976504e+00     1.028881e+01     8.854860e-01     6.266401e-08
1.992516e+00     1.023192e+01     1.202047e+00     1.976504e+00     1.028881e+01     8.854860e-01     6.040096e-08
1.992516e+00     1.023192e+01     1.202047e+00     1.976504e+00     1.028881e+01     8.854860e-01     5.926942e-08
1.992516e+00     1.023192e+01     1.202047e+00     1.976504e+00     1.028881e+01     8.854860e-01     5.870366e-08
1.992516e+00     1.023192e+01     1.202047e+00     1.976504e+00     1.028881e+01     8.854860e-01     5.842079e-08
1.992516e+00     1.023192e+01     1.202047e+00     1.976504e+00     1.028881e+01     8.854860e-01     5.835163e-08
1.992516e+00     1.023192e+01     1.202047e+00     1.976504e+00     1.028881e+01     8.854860e-01     5.817154e-08
1.992516e+00     1.023192e+01     1.202047e+00     1.976504e+00     1.028881e+01     8.854860e-01     5.859135e-08
1.992516e+00     1.023192e+01     1.202047e+00     1.976504e+00     1.028881e+01     8.854860e-01     6.031557e-08
1.992516e+00     1.023192e+01     1.202047e+00     1.976504e+00     1.028881e+01     8.854860e-01     5.855868e-08
1.992516e+00     1.023192e+01     1.202047e+00     1.976504e+00     1.028881e+01     8.854860e-01     5.841071e-08
1.992516e+00     1.023192e+01     1.202047e+00     1.976504e+00     1.028881e+01     8.854860e-01     6.092681e-08
1.297279e+00     7.441052e+00     4.189206e-01     2.715430e+00     7.478386e+00     1.039274e-01     1.775196e+00
1.992516e+00     1.023192e+01     1.202047e+00     1.976504e+00     1.028881e+01     8.854860e-01     5.834594e-08
1.992516e+00     1.023192e+01     1.202047e+00     1.976504e+00     1.028881e+01     8.854860e-01     5.816583e-08
1.992516e+00     1.023192e+01     1.202047e+00     1.976504e+00     1.028881e+01     8.854860e-01     5.864472e-08
1.992516e+00     1.023192e+01     1.202047e+00     1.976504e+00     1.028881e+01     8.854860e-01     6.026222e-08
1.992516e+00     1.023192e+01     1.202047e+00     1.976504e+00     1.028881e+01     8.854860e-01     5.855296e-08
1.992516e+00     1.023192e+01     1.202047e+00     1.976504e+00     1.028881e+01     8.854860e-01     5.846409e-08
1.992516e+00     1.023192e+01     1.202047e+00     1.976504e+00     1.028881e+01     8.854860e-01     6.092110e-08
1.296375e+00     7.440442e+00     4.187759e-01     2.714981e+00     7.477939e+00     1.039274e-01     1.775663e+00
1.644446e+00     8.836180e+00     8.104116e-01     2.345742e+00     8.883373e+00     4.947067e-01     2.922012e-01
1.818481e+00     9.534049e+00     1.006229e+00     2.161123e+00     9.586090e+00     6.900964e-01     1.123844e-01
1.905498e+00     9.882983e+00     1.104138e+00     2.068813e+00     9.937449e+00     7.877912e-01     5.043794e-02
1.992516e+00     1.023192e+01     1.202047e+00     1.976504e+00     1.028881e+01     8.854860e-01     5.860927e-08
1.992516e+00     1.023192e+01     1.202047e+00     1.976504e+00     1.028881e+01     8.854860e-01     5.847098e-08
1.992516e+00     1.023192e+01     1.202047e+00     1.976504e+00     1.028881e+01     8.854860e-01     5.840186e-08
1.992516e+00     1.023192e+01     1.202047e+00     1.976504e+00     1.028881e+01     8.854860e-01     5.836729e-08
1.992516e+00     1.023192e+01     1.202047e+00     1.976504e+00     1.028881e+01     8.854860e-01     5.835001e-08
1.992516e+00     1.023192e+01     1.202047e+00     1.976504e+00     1.028881e+01     8.854860e-01     5.834438e-08
1.992516e+00     1.023192e+01     1.202047e+00     1.976504e+00     1.028881e+01     8.854860e-01     5.816430e-08
1.992516e+00     1.023192e+01     1.202047e+00     1.976504e+00     1.028881e+01     8.854860e-01     5.865335e-08
1.992516e+00     1.023192e+01     1.202047e+00     1.976504e+00     1.028881e+01     8.854860e-01     6.025361e-08
1.992516e+00     1.023192e+01     1.202047e+00     1.976504e+00     1.028881e+01     8.854860e-01     5.855140e-08
1.992516e+00     1.023192e+01     1.202047e+00     1.976504e+00     1.028881e+01     8.854860e-01     5.847272e-08
1.992516e+00     1.023192e+01     1.202047e+00     1.976504e+00     1.028881e+01     8.854860e-01     6.091953e-08
1.305338e+00     7.910380e+00     4.162555e-01     2.479011e+00     7.968225e+00     1.039274e-01     1.804606e+00
1.992516e+00     1.023192e+01     1.202047e+00     1.976504e+00     1.028881e+01     8.854860e-01     5.834530e-08
1.992516e+00     1.023192e+01     1.202047e+00     1.976504e+00     1.028881e+01     8.854860e-01     5.834416e-08
1.992516e+00     1.023192e+01     1.202047e+00     1.976504e+00     1.028881e+01     8.854860e-01     5.816408e-08
1.992516e+00     1.023192e+01     1.202047e+00     1.976504e+00     1.028881e+01     8.854860e-01     5.865532e-08
1.992516e+00     1.023192e+01     1.202047e+00     1.976504e+00     1.028881e+01     8.854860e-01     6.025164e-08
1.992516e+00     1.023192e+01     1.202047e+00     1.976504e+00     1.028881e+01     8.854860e-01     5.855119e-08
1.992516e+00     1.023192e+01     1.202047e+00     1.976504e+00     1.028881e+01     8.854860e-01     5.847467e-08
1.992516e+00     1.023192e+01     1.202047e+00     1.976504e+00     1.028881e+01     8.854860e-01     6.091932e-08
1.305401e+00     7.910412e+00     4.162656e-01     2.479044e+00     7.968252e+00     1.039274e-01     1.804573e+00
1.648959e+00     9.071165e+00     8.091565e-01     2.227774e+00     9.128530e+00     4.947067e-01     2.955446e-01
1.820737e+00     9.651541e+00     1.005602e+00     2.102139e+00     9.708669e+00     6.900964e-01     1.135691e-01
1.906627e+00     9.941729e+00     1.103825e+00     2.039321e+00     9.998738e+00     7.877912e-01     5.095305e-02
1.992516e+00     1.023192e+01     1.202047e+00     1.976504e+00     1.028881e+01     8.854860e-01     5.835196e-08
1.992516e+00     1.023192e+01     1.202047e+00     1.976504e+00     1.028881e+01     8.854860e-01     5.834764e-08
1.992516e+00     1.023192e+01     1.202047e+00     1.976504e+00     1.028881e+01     8.854860e-01     5.834549e-08
1.992516e+00     1.023192e+01     1.202047e+00     1.976504e+00     1.028881e+01     8.854860e-01     5.834441e-08
1.992516e+00     1.023192e+01     1.202047e+00     1.976504e+00     1.028881e+01     8.854860e-01     5.834407e-08
1.992516e+00     1.023192e+01     1.202047e+00     1.976504e+00     1.028881e+01     8.854860e-01     5.816398e-08
1.992516e+00     1.023192e+01     1.202047e+00     1.976504e+00     1.028881e+01     8.854860e-01     5.865586e-08
1.992516e+00     1.023192e+01     1.202047e+00     1.976504e+00     1.028881e+01     8.854860e-01     6.025110e-08
1.992516e+00     1.023192e+01     1.202047e+00     1.976504e+00     1.028881e+01     8.854860e-01     5.855109e-08
1.992516e+00     1.023192e+01     1.202047e+00     1.976504e+00     1.028881e+01     8.854860e-01     5.847523e-08
1.992516e+00     1.023192e+01     1.202047e+00     1.976504e+00     1.028881e+01     8.854860e-01     6.091922e-08
1.305190e+00     7.910305e+00     4.162316e-01     2.478929e+00     7.968160e+00     1.039274e-01     1.804684e+00
1.992516e+00     1.023192e+01     1.202047e+00     1.976504e+00     1.028881e+01     8.854860e-01     5.834411e-08
1.992516e+00     1.023192e+01     1.202047e+00     1.976504e+00     1.028881e+01     8.854860e-01     5.834405e-08
1.992516e+00     1.023192e+01     1.202047e+00     1.976504e+00     1.028881e+01     8.854860e-01     5.816396e-08
1.992516e+00     1.023192e+01     1.202047e+00     1.976504e+00     1.028881e+01     8.854860e-01     5.865599e-08
1.992516e+00     1.023192e+01     1.202047e+00     1.976504e+00     1.028881e+01     8.854860e-01     6.025098e-08
1.992516e+00     1.023192e+01     1.202047e+00     1.976504e+00     1.028881e+01     8.854860e-01     5.855108e-08
1.992516e+00     1.023192e+01     1.202047e+00     1.976504e+00     1.028881e+01     8.854860e-01     5.847535e-08
1.992516e+00     1.023192e+01     1.202047e+00     1.976504e+00     1.028881e+01     8.854860e-01     6.091921e-08
1.305175e+00     7.910297e+00     4.162292e-01     2.478919e+00     7.968154e+00     1.039274e-01     1.804693e+00
1.648845e+00     9.071107e+00     8.091383e-01     2.227712e+00     9.128481e+00     4.947067e-01     2.955610e-01
1.820681e+00     9.651512e+00     1.005593e+00     2.102108e+00     9.708644e+00     6.900964e-01     1.135744e-01
1.906598e+00     9.941715e+00     1.103820e+00     2.039306e+00     9.998726e+00     7.877912e-01     5.095528e-02
1.992516e+00     1.023192e+01     1.202047e+00     1.976504e+00     1.028881e+01     8.854860e-01     5.834454e-08
1.992516e+00     1.023192e+01     1.202047e+00     1.976504e+00     1.028881e+01     8.854860e-01     5.834425e-08
1.992516e+00     1.023192e+01     1.202047e+00     1.976504e+00     1.028881e+01     8.854860e-01     5.834413e-08
1.992516e+00     1.023192e+01     1.202047e+00     1.976504e+00     1.028881e+01     8.854860e-01     5.834406e-08
1.992516e+00     1.023192e+01     1.202047e+00     1.976504e+00     1.028881e+01     8.854860e-01     5.834405e-08
1.992516e+00     1.023192e+01     1.202047e+00     1.976504e+00     1.028881e+01     8.854860e-01     5.816395e-08
1.992516e+00     1.023192e+01     1.202047e+00     1.976504e+00     1.028881e+01     8.854860e-01     5.865602e-08
1.992516e+00     1.023192e+01     1.202047e+00     1.976504e+00     1.028881e+01     8.854860e-01     6.025094e-08
1.992516e+00     1.023192e+01     1.202047e+00     1.976504e+00     1.028881e+01     8.854860e-01     5.855108e-08
1.992516e+00     1.023192e+01     1.202047e+00     1.976504e+00     1.028881e+01     8.854860e-01     5.847539e-08
1.992516e+00     1.023192e+01     1.202047e+00     1.976504e+00     1.028881e+01     8.854860e-01     6.091921e-08
1.305180e+00     7.910300e+00     4.162300e-01     2.478922e+00     7.968156e+00     1.039274e-01     1.804690e+00
1.992516e+00     1.023192e+01     1.202047e+00     1.976504e+00     1.028881e+01     8.854860e-01     5.834404e-08
1.992516e+00     1.023192e+01     1.202047e+00     1.976504e+00     1.028881e+01     8.854860e-01     5.816395e-08
1.992516e+00     1.023192e+01     1.202047e+00     1.976504e+00     1.028881e+01     8.854860e-01     5.865603e-08
1.992516e+00     1.023192e+01     1.202047e+00     1.976504e+00     1.028881e+01     8.854860e-01     6.025091e-08
1.992516e+00     1.023192e+01     1.202047e+00     1.976504e+00     1.028881e+01     8.854860e-01     5.855108e-08
1.992516e+00     1.023192e+01     1.202047e+00     1.976504e+00     1.028881e+01     8.854860e-01     5.847540e-08
1.992516e+00     1.023192e+01     1.202047e+00     1.976504e+00     1.028881e+01     8.854860e-01     6.091921e-08
1.305159e+00     7.910289e+00     4.162266e-01     2.478911e+00     7.968147e+00     1.039274e-01     1.804701e+00
1.648838e+00     9.071103e+00     8.091370e-01     2.227707e+00     9.128477e+00     4.947067e-01     2.955621e-01
1.820677e+00     9.651510e+00     1.005592e+00     2.102105e+00     9.708642e+00     6.900964e-01     1.135748e-01
1.906596e+00     9.941714e+00     1.103820e+00     2.039305e+00     9.998725e+00     7.877912e-01     5.095543e-02
1.992516e+00     1.023192e+01     1.202047e+00     1.976504e+00     1.028881e+01     8.854860e-01     5.834410e-08
1.992516e+00     1.023192e+01     1.202047e+00     1.976504e+00     1.028881e+01     8.854860e-01     5.834407e-08
1.992516e+00     1.023192e+01     1.202047e+00     1.976504e+00     1.028881e+01     8.854860e-01     5.834405e-08
1.992516e+00     1.023192e+01     1.202047e+00     1.976504e+00     1.028881e+01     8.854860e-01     5.834405e-08
1.992516e+00     1.023192e+01     1.202047e+00     1.976504e+00     1.028881e+01     8.854860e-01     5.834404e-08
1.992516e+00     1.023192e+01     1.202047e+00     1.976504e+00     1.028881e+01     8.854860e-01     5.834404e-08
1.992516e+00     1.023192e+01     1.202047e+00     1.976504e+00     1.028881e+01     8.854860e-01     5.834404e-08
1.992516e+00     1.023192e+01     1.202047e+00     1.976504e+00     1.028881e+01     8.854860e-01     5.834405e-08
1.992516e+00     1.023192e+01     1.202047e+00     1.976504e+00     1.028881e+01     8.854860e-01     5.834405e-08
1.992516e+00     1.023192e+01     1.202047e+00     1.976504e+00     1.028881e+01     8.854860e-01     5.834404e-08
1.992516e+00     1.023192e+01     1.202047e+00     1.976504e+00     1.028881e+01     8.854860e-01     5.834405e-08
1.992516e+00     1.023192e+01     1.202047e+00     1.976504e+00     1.028881e+01     8.854860e-01     5.834405e-08
