1     1     2       19500000000     5.600000e-06     1
2     2     3       19500000000     5.600000e-06     1
3     3     4       7.040837e+09     5.000000e-05     0
4     4     5       5.271035e+09     5.000000e-05     0
5     5     6       4.652005e+09     5.000000e-05     0
6     6     7       4.463290e+09     5.000000e-05     0
7     7     8       4.415155e+09     5.000000e-05     0
8     8     9       4.405500e+09     5.000000e-05     0
9     9     10       4.404121e+09     5.000000e-05     0
10     10     11       4.404004e+09     5.000000e-05     0
11     11     12       4.404000e+09     5.000000e-05     0
12     12     13       4.404000e+09     5.000000e-05     0
13     13     14       4.404000e+09     5.000000e-05     0
14     14     15       4.404000e+09     5.000000e-05     0
15     15     16       4.404004e+09     5.000000e-05     0
16     16     17       4.404121e+09     5.000000e-05     0
17     17     18       4.405500e+09     5.000000e-05     0
18     18     19       4.415155e+09     5.000000e-05     0
19     19     20       4.463290e+09     5.000000e-05     0
20     20     21       4.652005e+09     5.000000e-05     0
21     21     22       5.271035e+09     5.000000e-05     0
22     22     23       7.040837e+09     5.000000e-05     0
23     23     24       19500000000     5.600000e-06     1
24     24     25       19500000000     5.600000e-06     1
25     25     26       7.252460e+09     5.000000e-05     0
26     26     27       5.150622e+09     5.000000e-05     0
27     27     28       3.981090e+09     5.000000e-05     0
28     28     29       3.378860e+09     5.000000e-05     0
29     29     30       3.098541e+09     5.000000e-05     0
30     30     31       2.984760e+09     5.000000e-05     0
31     31     32       2.946794e+09     5.000000e-05     0
32     32     33       2.937434e+09     5.000000e-05     0
33     33     34       2.936067e+09     5.000000e-05     0
34     34     35       2.936000e+09     5.000000e-05     0
35     35     36       2.936000e+09     5.000000e-05     0
36     36     37       2.936067e+09     5.000000e-05     0
37     37     38       2.937434e+09     5.000000e-05     0
38     38     39       2.946794e+09     5.000000e-05     0
39     39     40       2.984760e+09     5.000000e-05     0
40     40     41       3.098541e+09     5.000000e-05     0
41     41     42       3.378860e+09     5.000000e-05     0
42     42     43       3.981090e+09     5.000000e-05     0
43     43     44       5.150622e+09     5.000000e-05     0
44     44     45       7.252460e+09     5.000000e-05     0
45     45     46       19500000000     5.600000e-06     1
46     46     47       19500000000     5.600000e-06     1
