2     2     2       2     2     20        20     20      20      20      1.394836e+00      6.172667e+05
2.000000e+00     2     2       2     2     20        20     20      20      20      1.394836e+00      6.172667e+05
2     2.000000e+00     2       2     2     20        20     20      20      20      1.394836e+00      6.172667e+05
2     2     2.000000e+00       2     2     20        20     20      20      20      1.394836e+00      6.172667e+05
2     2     2       2.000000e+00     2     20        20     20      20      20      1.394836e+00      6.172667e+05
2     2     2       2     2.000000e+00     20        20     20      20      20      1.394837e+00      6.172668e+05
2     2     2       2     2     2.000000e+01        20     20      20      20      1.394836e+00      6.172667e+05
2     2     2       2     2     20        2.000000e+01     20      20      20      1.394836e+00      6.172667e+05
2     2     2       2     2     20        20     2.000000e+01      20      20      1.394836e+00      6.172667e+05
2     2     2       2     2     20        20     20      2.000000e+01      20      1.394836e+00      6.172667e+05
2     2     2       2     2     20        20     20      20      2.000000e+01      1.394837e+00      6.172668e+05
0     0     0       0     0     1.789457e+01        1.790070e+01     1.790315e+01      1.790690e+01      2.949005e+01      NaN      NaN
1.490116e-08     0     0       0     0     1.789457e+01        1.790070e+01     1.790315e+01      1.790690e+01      2.949005e+01      NaN      NaN
0     1.490116e-08     0       0     0     1.789457e+01        1.790070e+01     1.790315e+01      1.790690e+01      2.949005e+01      NaN      NaN
0     0     1.490116e-08       0     0     1.789457e+01        1.790070e+01     1.790315e+01      1.790690e+01      2.949005e+01      NaN      NaN
0     0     0       1.490116e-08     0     1.789457e+01        1.790070e+01     1.790315e+01      1.790690e+01      2.949005e+01      NaN      NaN
0     0     0       0     1.490116e-08     1.789457e+01        1.790070e+01     1.790315e+01      1.790690e+01      2.949005e+01      NaN      NaN
0     0     0       0     0     1.789457e+01        1.790070e+01     1.790315e+01      1.790690e+01      2.949005e+01      NaN      NaN
0     0     0       0     0     1.789457e+01        1.790070e+01     1.790315e+01      1.790690e+01      2.949005e+01      NaN      NaN
0     0     0       0     0     1.789457e+01        1.790070e+01     1.790315e+01      1.790690e+01      2.949005e+01      NaN      NaN
0     0     0       0     0     1.789457e+01        1.790070e+01     1.790315e+01      1.790690e+01      2.949005e+01      NaN      NaN
0     0     0       0     0     1.789457e+01        1.790070e+01     1.790315e+01      1.790690e+01      2.949005e+01      NaN      NaN
