-4.239466e-24     -4.043411e-10     -8.086822e-10     -1.213023e-09     -5.420155e-10     1.289922e-10     8.000000e-10     3.956589e-10     -8.682171e-12     -4.130233e-10     2.579845e-10     9.289922e-10     1.600000e-09     1.195659e-09     7.913178e-10     3.869767e-10     1.057984e-09     1.728992e-09     2.400000e-09     1.995659e-09     1.591318e-09     1.186977e-09     1.857984e-09     2.528992e-09     3.200000e-09     2.795659e-09     2.391318e-09     1.986977e-09     2.657984e-09     3.328992e-09     4.000000e-09     5.006512e+06     1.403401e-10     1.006512e+06
8.302475e-23     -4.043411e-10     -8.086822e-10     -1.213023e-09     -5.420155e-10     1.289922e-10     7.999999e-10     3.956588e-10     -8.682288e-12     -4.130234e-10     2.579844e-10     9.289921e-10     1.600000e-09     1.195659e-09     7.913177e-10     3.869767e-10     1.057984e-09     1.728992e-09     2.400000e-09     1.995659e-09     1.591318e-09     1.186977e-09     1.857984e-09     2.528992e-09     3.200000e-09     2.795659e-09     2.391318e-09     1.986977e-09     2.657984e-09     3.328992e-09     4.000000e-09     5.006512e+06     -2.268522e-09     1.006512e+06
7.936684e-23     -4.043411e-10     -8.086822e-10     -1.213023e-09     -5.420155e-10     1.289923e-10     8.000000e-10     3.956589e-10     -8.682139e-12     -4.130232e-10     2.579845e-10     9.289922e-10     1.600000e-09     1.195659e-09     7.913177e-10     3.869767e-10     1.057984e-09     1.728992e-09     2.400000e-09     1.995659e-09     1.591318e-09     1.186977e-09     1.857984e-09     2.528992e-09     3.200000e-09     2.795659e-09     2.391318e-09     1.986977e-09     2.657984e-09     3.328992e-09     4.000000e-09     5.006512e+06     -2.268522e-09     1.006512e+06
7.960511e-23     -4.043411e-10     -8.086822e-10     -1.213023e-09     -5.420155e-10     1.289923e-10     8.000000e-10     3.956589e-10     -8.682139e-12     -4.130232e-10     2.579845e-10     9.289923e-10     1.600000e-09     1.195659e-09     7.913179e-10     3.869768e-10     1.057985e-09     1.728992e-09     2.400000e-09     1.995659e-09     1.591318e-09     1.186977e-09     1.857984e-09     2.528992e-09     3.200000e-09     2.795659e-09     2.391318e-09     1.986977e-09     2.657984e-09     3.328992e-09     4.000000e-09     5.006512e+06     -2.268522e-09     1.006512e+06
7.928760e-23     -4.043411e-10     -8.086822e-10     -1.213023e-09     -5.420155e-10     1.289923e-10     8.000000e-10     3.956589e-10     -8.682139e-12     -4.130232e-10     2.579845e-10     9.289923e-10     1.600000e-09     1.195659e-09     7.913179e-10     3.869768e-10     1.057985e-09     1.728992e-09     2.400000e-09     1.995659e-09     1.591318e-09     1.186977e-09     1.857985e-09     2.528992e-09     3.200000e-09     2.795659e-09     2.391318e-09     1.986977e-09     2.657984e-09     3.328992e-09     4.000000e-09     5.006512e+06     -2.268522e-09     1.006512e+06
4.654105e-23     -4.043411e-10     -8.086822e-10     -1.213023e-09     -5.420155e-10     1.289923e-10     8.000000e-10     3.956589e-10     -8.682139e-12     -4.130232e-10     2.579845e-10     9.289923e-10     1.600000e-09     1.195659e-09     7.913179e-10     3.869768e-10     1.057985e-09     1.728992e-09     2.400000e-09     1.995659e-09     1.591318e-09     1.186977e-09     1.857985e-09     2.528992e-09     3.200000e-09     2.795659e-09     2.391318e-09     1.986977e-09     2.657985e-09     3.328992e-09     4.000000e-09     5.006512e+06     2.166046e-09     1.006512e+06
-4.239466e-24     -4.043411e-10     -8.086822e-10     -1.213023e-09     -5.420155e-10     1.289922e-10     7.999999e-10     3.956588e-10     -8.682264e-12     -4.130233e-10     2.579844e-10     9.289922e-10     1.600000e-09     1.195659e-09     7.913178e-10     3.869767e-10     1.057984e-09     1.728992e-09     2.400000e-09     1.995659e-09     1.591318e-09     1.186977e-09     1.857984e-09     2.528992e-09     3.200000e-09     2.795659e-09     2.391318e-09     1.986977e-09     2.657984e-09     3.328992e-09     4.000000e-09     5.006512e+06     1.403401e-10     1.006512e+06
-4.239467e-24     -4.043411e-10     -8.086822e-10     -1.213023e-09     -5.420155e-10     1.289923e-10     8.000000e-10     3.956589e-10     -8.682145e-12     -4.130232e-10     2.579845e-10     9.289922e-10     1.600000e-09     1.195659e-09     7.913178e-10     3.869767e-10     1.057984e-09     1.728992e-09     2.400000e-09     1.995659e-09     1.591318e-09     1.186977e-09     1.857984e-09     2.528992e-09     3.200000e-09     2.795659e-09     2.391318e-09     1.986977e-09     2.657984e-09     3.328992e-09     4.000000e-09     5.006512e+06     1.403401e-10     1.006512e+06
-4.239466e-24     -4.043411e-10     -8.086822e-10     -1.213023e-09     -5.420155e-10     1.289923e-10     8.000000e-10     3.956589e-10     -8.682145e-12     -4.130232e-10     2.579845e-10     9.289923e-10     1.600000e-09     1.195659e-09     7.913179e-10     3.869768e-10     1.057985e-09     1.728992e-09     2.400000e-09     1.995659e-09     1.591318e-09     1.186977e-09     1.857984e-09     2.528992e-09     3.200000e-09     2.795659e-09     2.391318e-09     1.986977e-09     2.657984e-09     3.328992e-09     4.000000e-09     5.006512e+06     1.403401e-10     1.006512e+06
-4.239467e-24     -4.043411e-10     -8.086822e-10     -1.213023e-09     -5.420155e-10     1.289923e-10     8.000000e-10     3.956589e-10     -8.682145e-12     -4.130232e-10     2.579845e-10     9.289923e-10     1.600000e-09     1.195659e-09     7.913179e-10     3.869768e-10     1.057985e-09     1.728992e-09     2.400000e-09     1.995659e-09     1.591318e-09     1.186977e-09     1.857985e-09     2.528992e-09     3.200000e-09     2.795659e-09     2.391318e-09     1.986977e-09     2.657984e-09     3.328992e-09     4.000000e-09     5.006512e+06     1.403401e-10     1.006512e+06
-4.239467e-24     -4.043411e-10     -8.086822e-10     -1.213023e-09     -5.420155e-10     1.289923e-10     8.000000e-10     3.956589e-10     -8.682145e-12     -4.130232e-10     2.579845e-10     9.289923e-10     1.600000e-09     1.195659e-09     7.913179e-10     3.869768e-10     1.057985e-09     1.728992e-09     2.400000e-09     1.995659e-09     1.591318e-09     1.186977e-09     1.857985e-09     2.528992e-09     3.200000e-09     2.795659e-09     2.391318e-09     1.986977e-09     2.657985e-09     3.328992e-09     4.000000e-09     5.006512e+06     1.403401e-10     1.006512e+06
NaN     NaN     NaN     NaN     NaN     NaN     NaN     NaN     NaN     NaN     NaN     NaN     NaN     NaN     NaN     NaN     NaN     NaN     NaN     NaN     NaN     NaN     NaN     NaN     NaN     NaN     NaN     NaN     NaN     NaN     NaN     NaN     NaN     NaN
NaN     NaN     NaN     NaN     NaN     NaN     NaN     NaN     NaN     NaN     NaN     NaN     NaN     NaN     NaN     NaN     NaN     NaN     NaN     NaN     NaN     NaN     NaN     NaN     NaN     NaN     NaN     NaN     NaN     NaN     NaN     NaN     NaN     NaN
NaN     NaN     NaN     NaN     NaN     NaN     NaN     NaN     NaN     NaN     NaN     NaN     NaN     NaN     NaN     NaN     NaN     NaN     NaN     NaN     NaN     NaN     NaN     NaN     NaN     NaN     NaN     NaN     NaN     NaN     NaN     NaN     NaN     NaN
NaN     NaN     NaN     NaN     NaN     NaN     NaN     NaN     NaN     NaN     NaN     NaN     NaN     NaN     NaN     NaN     NaN     NaN     NaN     NaN     NaN     NaN     NaN     NaN     NaN     NaN     NaN     NaN     NaN     NaN     NaN     NaN     NaN     NaN
NaN     NaN     NaN     NaN     NaN     NaN     NaN     NaN     NaN     NaN     NaN     NaN     NaN     NaN     NaN     NaN     NaN     NaN     NaN     NaN     NaN     NaN     NaN     NaN     NaN     NaN     NaN     NaN     NaN     NaN     NaN     NaN     NaN     NaN
NaN     NaN     NaN     NaN     NaN     NaN     NaN     NaN     NaN     NaN     NaN     NaN     NaN     NaN     NaN     NaN     NaN     NaN     NaN     NaN     NaN     NaN     NaN     NaN     NaN     NaN     NaN     NaN     NaN     NaN     NaN     NaN     NaN     NaN
NaN     NaN     NaN     NaN     NaN     NaN     NaN     NaN     NaN     NaN     NaN     NaN     NaN     NaN     NaN     NaN     NaN     NaN     NaN     NaN     NaN     NaN     NaN     NaN     NaN     NaN     NaN     NaN     NaN     NaN     NaN     NaN     NaN     NaN
NaN     NaN     NaN     NaN     NaN     NaN     NaN     NaN     NaN     NaN     NaN     NaN     NaN     NaN     NaN     NaN     NaN     NaN     NaN     NaN     NaN     NaN     NaN     NaN     NaN     NaN     NaN     NaN     NaN     NaN     NaN     NaN     NaN     NaN
NaN     NaN     NaN     NaN     NaN     NaN     NaN     NaN     NaN     NaN     NaN     NaN     NaN     NaN     NaN     NaN     NaN     NaN     NaN     NaN     NaN     NaN     NaN     NaN     NaN     NaN     NaN     NaN     NaN     NaN     NaN     NaN     NaN     NaN
NaN     NaN     NaN     NaN     NaN     NaN     NaN     NaN     NaN     NaN     NaN     NaN     NaN     NaN     NaN     NaN     NaN     NaN     NaN     NaN     NaN     NaN     NaN     NaN     NaN     NaN     NaN     NaN     NaN     NaN     NaN     NaN     NaN     NaN
NaN     NaN     NaN     NaN     NaN     NaN     NaN     NaN     NaN     NaN     NaN     NaN     NaN     NaN     NaN     NaN     NaN     NaN     NaN     NaN     NaN     NaN     NaN     NaN     NaN     NaN     NaN     NaN     NaN     NaN     NaN     NaN     NaN     NaN
